0 6
7 6
END
0 8
4 9
END
0 1
1 9
END
4 3
0 7
END
9 8
9 5
END
0 1
9 6
END
0 5
1 1
END
9 4
0 5
END
1 3
4 2
END
0 6
8 8
END
0 1
8 1
END
0 8
2 8
END
9 2
0 2
END
2 4
0 6
END
2 7
0 4
END
3 4
7 0
END
3 9
7 0
END
4 3
4 0
END
9 2
3 0
END
7 7
2 4
END
5 4
6 0
END
1 3
8 0
END
4 9
9 0
END
0 5
3 8
END
7 9
6 0
END
9 4
0 1
END
8 1
7 0
END
0 9
3 1
END
1 6
9 7
END
0 3
7 6
END
5 9
1 0
END
9 8
0 9
END
2 1
3 0
END
4 3
7 8
END
0 8
5 6
END
0 4
2 4
END
4 4
4 1
END
2 5
6 0
END
1 8
5 4
END
5 7
0 8
END
9 1
0 5
END
0 6
8 5
END
0 2
6 9
END
7 5
0 4
END
0 4
3 9
END
9 9
2 0
END
1 7
0 7
END
0 6
3 5
END
3 1
2 0
END
4 7
3 8
END
8 5
5 0
END
0 3
6 6
END
0 1
3 9
END
0 8
5 9
END
9 8
0 4
END
6 9
0 1
END
9 9
0 5
END
5 6
1 0
END
3 3
6 4
END
0 1
1 1
END
9 6
0 4
END
6 8
0 1
END
8 1
8 0
END
8 9
0 7
END
3 3
0 1
END
3 3
0 7
END
0 7
1 3
END
0 3
2 6
END
1 6
0 2
END
7 1
7 9
END
0 6
4 1
END
7 7
3 0
END
6 1
1 0
END
0 6
3 9
END
4 6
0 7
END
9 4
3 0
END
3 4
4 0
END
0 2
6 4
END
9 8
0 6
END
0 4
6 1
END
9 9
0 5
END
2 8
0 1
END
0 7
6 3
END
2 7
7 0
END
6 9
0 8
END
4 2
7 9
END
0 6
8 1
END
6 5
0 6
END
3 7
6 0
END
2 9
0 6
END
0 8
6 1
END
1 5
0 2
END
4 9
8 0
END
9 5
7 3
END
8 8
5 9
END
4 3
9 8
END
5 3
9 0
END
7 7
4 0
END
2 7
2 0
END
1 5
8 0
END
4 9
2 0
END
2 5
7 5
END
1 9
2 3
END
0 9
2 6
END
3 3
9 0
END
1 1
0 1
END
5 9
4 0
END
2 8
0 9
END
7 1
6 0
END
5 6
7 0
END
0 1
7 2
END
1 1
0 1
END
0 3
1 5
END
7 5
5 0
END
5 7
4 0
END
9 2
3 3
END
8 9
4 0
END
1 9
8 0
END
1 7
2 3
END
0 6
1 4
END
0 2
6 3
END
0 3
5 4
END
4 9
8 9
END
9 8
8 0
END
0 2
7 2
END
1 2
2 6
END
3 1
0 6
END
0 3
9 1
END
4 7
9 0
END
9 5
0 8
END
9 6
0 6
END
8 2
0 1
END
2 3
8 0
END
3 6
0 2
END
2 8
0 6
END
8 2
9 0
END
4 6
2 6
END
1 4
5 0
END
9 1
0 9
END
3 5
2 1
END
0 7
4 9
END
4 5
6 7
END
9 9
0 8
END
0 5
7 7
END
7 7
0 5
END
2 8
3 0
END
4 1
9 0
END
0 4
8 3
END
7 9
4 3
END
3 6
0 4
END
6 1
9 0
END
0 1
4 9
END
0 5
4 8
END
8 7
1 3
END
7 9
0 5
END
8 2
2 0
END
4 4
0 2
END
7 5
0 9
END
0 4
6 8
END
2 4
1 4
END
0 7
4 1
END
3 8
0 2
END
2 3
7 0
END
2 1
0 1
END
3 2
2 0
END
7 9
8 7
END
0 6
7 8
END
3 8
5 8
END
7 8
8 3
END
8 5
0 3
END
2 9
7 0
END
7 1
0 2
END
0 7
7 9
END
0 3
4 8
END
0 3
8 8
END
0 7
2 8
END
0 5
6 6
END
4 9
5 0
END
4 1
7 0
END
3 9
6 2
END
4 9
0 7
END
9 4
0 8
END
0 6
8 9
END
5 7
3 0
END
0 1
2 2
END
4 2
0 3
END
2 9
0 9
END
0 9
6 1
END
4 7
4 1
END
2 8
8 9
END
6 5
1 1
END
6 3
0 5
END
7 5
0 6
END
0 6
2 8
END
0 5
4 8
END
0 2
7 5
END
0 2
1 6
END
7 7
1 0
END
7 8
2 0
END
8 6
9 2
END
1 6
9 9
END
8 2
9 1
END
1 9
1 8
END
0 2
1 5
END
0 8
4 8
END
0 2
3 2
END
4 2
0 5
END
6 2
3 0
END
4 4
8 0
END
5 9
0 3
END
5 5
3 6
END
8 5
4 0
END
9 8
1 7
END
5 6
5 0
END
7 2
3 2
END
4 7
7 2
END
7 7
2 0
END
0 3
1 7
END
0 7
4 2
END
9 2
8 4
END
8 7
3 3
END
6 1
4 8
END
0 5
5 2
END
8 6
0 6
END
7 5
4 3
END
0 9
8 4
END
1 7
3 0
END
3 2
5 6
END
4 1
4 0
END
6 7
0 2
END
7 3
0 4
END
0 7
5 3
END
8 5
3 4
END
6 3
8 0
END
4 6
1 0
END
0 3
7 3
END
5 5
3 0
END
0 9
2 8
END
5 9
0 9
END
2 6
7 0
END
2 2
0 1
END
4 5
4 0
END
0 7
1 3
END
0 5
1 5
END
2 6
0 1
END
7 4
3 8
END
1 2
4 3
END
8 9
0 6
END
4 1
5 0
END
5 5
8 5
END
9 9
0 5
END
0 1
4 6
END
4 2
4 1
END
7 9
0 1
END
8 6
4 0
END
7 8
0 8
END
8 9
0 3
END
6 4
0 5
END
0 4
3 4
END
4 9
5 6
END
0 9
8 9
END
6 7
0 8
END
3 5
0 7
END
5 6
0 5
END
7 4
0 1
END
4 6
1 1
END
0 4
8 4
END
4 3
6 0
END
9 5
4 0
END
7 3
7 0
END
0 5
5 6
END
8 5
3 0
END
4 5
0 7
END
9 6
0 6
END
4 6
0 1
END
9 5
0 9
END
2 2
0 1
END
6 4
0 4
END
9 9
5 0
END
1 7
0 9
END
7 9
0 5
END
0 9
8 1
END
3 5
7 9
END
4 7
3 0
END
4 7
0 6
END
1 3
0 8
END
2 7
7 9
END
3 1
0 3
END
8 3
0 1
END
0 3
5 5
END
8 1
8 3
END
4 1
0 6
END
5 3
2 0
END
8 1
0 6
END
2 5
5 2
END
7 6
3 1
END
4 7
7 0
END
7 1
8 7
END
1 6
0 6
END
5 1
3 0
END
6 7
0 5
END
0 3
5 9
END
0 4
6 9
END
4 6
3 4
END
9 7
7 0
END
8 6
0 9
END
0 1
9 9
END
4 4
9 0
END
4 3
5 0
END
0 5
4 8
END
4 4
0 9
END
8 1
6 6
END
5 7
8 2
END
0 2
8 9
END
6 3
0 1
END
9 4
8 0
END
6 1
4 5
END
0 9
3 8
END
1 5
8 0
END
7 4
0 8
END
0 1
1 5
END
3 9
8 1
END
7 3
1 5
END
9 3
5 0
END
0 3
2 5
END
7 2
0 4
END
0 4
2 2
END
0 6
4 2
END
0 9
2 4
END
0 8
8 1
END
3 2
3 0
END
0 6
8 4
END
7 9
6 0
END
0 8
2 5
END
0 9
5 5
END
0 7
6 8
END
8 8
0 3
END
6 4
8 5
END
3 2
0 8
END
2 2
9 0
END
0 1
9 9
END
0 7
7 9
END
0 2
5 2
END
7 5
1 0
END
8 6
3 0
END
7 7
1 0
END
0 2
2 2
END
9 8
8 0
END
0 6
6 4
END
2 1
0 7
END
4 3
6 5
END
0 8
7 9
END
1 5
0 3
END
8 6
0 9
END
7 3
2 5
END
0 6
6 9
END
2 6
5 5
END
5 1
0 1
END
0 3
6 4
END
2 5
3 9
END
9 3
0 8
END
2 7
4 0
END
9 8
9 0
END
1 5
8 7
END
4 2
8 8
END
1 9
3 0
END
2 1
1 7
END
6 4
2 3
END
6 2
0 9
END
1 4
8 0
END
0 3
5 9
END
3 4
0 7
END
0 1
6 2
END
8 4
0 2
END
5 9
7 0
END
0 7
5 3
END
5 4
0 5
END
3 7
4 0
END
4 2
0 2
END
6 9
0 3
END
0 8
5 5
END
9 5
8 0
END
1 4
0 6
END
2 5
2 0
END
1 7
8 7
END
0 3
5 5
END
6 3
7 6
END
7 9
3 0
END
7 3
8 0
END
9 7
0 7
END
0 3
5 5
END
8 7
4 9
END
2 9
6 0
END
0 3
9 3
END
0 8
1 7
END
1 6
8 4
END
6 8
4 0
END
4 3
2 0
END
0 5
3 6
END
0 2
4 8
END
1 2
5 0
END
7 4
0 7
END
3 5
1 2
END
2 7
4 0
END
9 4
5 0
END
8 6
8 0
END
3 7
0 8
END
0 7
6 4
END
4 2
6 8
END
0 1
1 2
END
0 4
2 2
END
0 4
9 1
END
1 5
6 0
END
6 2
7 5
END
4 7
0 6
END
8 2
7 3
END
8 8
0 8
END
0 5
6 6
END
4 6
6 0
END
2 4
0 6
END
3 1
2 7
END
8 3
1 0
END
2 1
0 8
END
0 7
2 8
END
2 4
7 0
END
5 2
7 0
END
6 6
7 5
END
0 8
3 2
END
8 1
7 5
END
0 6
3 3
END
0 2
5 7
END
2 5
6 4
END
9 5
0 3
END
0 2
7 5
END
3 6
5 0
END
0 8
6 4
END
0 7
7 1
END
4 3
7 0
END
7 9
2 8
END
0 3
2 7
END
5 1
0 3
END
0 4
1 2
END
1 8
6 0
END
3 7
0 2
END
9 1
0 6
END
0 4
1 9
END
5 3
0 5
END
1 1
2 5
END
0 1
5 4
END
0 7
5 6
END
7 6
0 9
END
0 1
7 8
END
0 5
2 6
END
0 8
9 5
END
8 2
4 0
END
0 3
5 5
END
6 6
0 6
END
3 1
5 0
END
0 4
5 2
END
0 6
4 6
END
9 3
2 0
END
8 7
0 5
END
0 9
4 1
END
6 3
4 0
END
0 6
4 5
END
0 2
6 5
END
2 2
2 0
END
6 9
0 3
END
3 4
0 1
END
1 1
2 0
END
4 3
2 1
END
3 3
9 7
END
0 2
4 1
END
2 2
6 0
END
0 8
8 8
END
1 7
0 9
END
6 2
1 0
END
7 3
7 5
END
5 1
0 9
END
7 2
3 0
END
6 6
8 0
END
6 1
0 3
END
0 3
2 6
END
0 8
8 7
END
0 5
2 6
END
9 4
5 5
END
0 3
4 5
END
3 1
3 0
END
0 6
9 9
END
0 5
2 9
END
9 8
1 0
END
8 5
0 2
END
3 6
2 0
END
0 3
6 3
END
0 5
9 8
END
3 3
8 0
END
6 7
0 6
END
0 9
3 2
END
1 1
8 8
END
6 5
9 0
END
0
180000
0
0
0
0 0 0 0 0 0 0 0 0 0
0 0 0 0 0 0 0 0 0 0
0 0 0 0 0 0 0 0 0 0
0 0 0 0 0 0 0 0 0 0
0 0 0 0 0 0 0 0 0 0
0 0 0 0 0 0 0 0 0 0
0 0 0 0 0 0 0 0 0 0
0 0 0 0 0 0 0 0 0 0
0 0 0 0 0 0 0 0 0 0
0 0 0 0 0 0 0 0 0 0
0 0 0 0 0 0 0 0 0 0
0 0 0 0 0 0 0 0 0 0
0 0 0 0 0 0 0 0 0 0
0 0 0 0 0 0 0 0 0 0
0 0 0 0 0 0 0 0 0 0
0 0 0 0 0 0 0 0 0 0
END
180000
0
0
0
0 0 0 0 0 0 0 0 0 0
0 0 0 0 0 0 0 0 0 0
0 0 0 0 0 0 0 0 0 0
0 0 0 0 0 0 0 0 0 0
0 0 0 0 0 0 0 0 0 0
0 0 0 0 0 0 0 0 0 0
0 0 0 0 0 0 0 0 0 0
0 0 0 0 0 0 0 0 0 0
0 0 0 0 0 0 0 0 0 0
0 0 0 0 0 0 0 0 0 0
0 0 0 0 0 0 0 0 0 0
0 0 0 0 0 0 0 0 0 0
0 0 0 0 0 0 0 0 0 0
0 0 0 0 0 0 0 0 0 0
0 0 0 0 0 0 0 0 0 0
0 0 0 0 0 0 0 0 0 0
END
1
160961
0
0
0
0 0 0 0 0 0 0 0 0 0
0 0 0 0 0 0 0 0 0 0
0 0 0 0 0 0 0 0 0 0
0 0 0 0 0 0 0 0 0 0
0 0 0 0 0 0 0 0 0 0
0 0 0 0 0 0 0 0 0 0
0 0 0 0 0 0 0 0 0 0
0 0 0 0 0 0 0 0 0 0
0 0 0 0 0 0 0 0 0 0
0 0 0 0 0 0 0 0 0 0
0 0 0 0 0 0 0 0 0 0
0 0 0 0 0 0 0 0 0 0
0 0 0 0 0 0 0 0 0 0
0 0 0 0 0 0 0 0 0 0
0 0 0 0 0 6 0 0 0 0
0 0 0 0 0 6 7 0 0 0
END
161959
0
0
0
0 0 0 0 0 0 0 0 0 0
0 0 0 0 0 0 0 0 0 0
0 0 0 0 0 0 0 0 0 0
0 0 0 0 0 0 0 0 0 0
0 0 0 0 0 0 0 0 0 0
0 0 0 0 0 0 0 0 0 0
0 0 0 0 0 0 0 0 0 0
0 0 0 0 0 0 0 0 0 0
0 0 0 0 0 0 0 0 0 0
0 0 0 0 0 0 0 0 0 0
0 0 0 0 0 0 0 0 0 0
0 0 0 0 0 0 0 0 0 0
0 0 0 0 0 0 0 0 0 0
0 0 0 0 0 0 0 0 0 0
0 0 0 0 0 6 0 0 0 0
0 0 0 0 0 6 7 0 0 0
END
2
159955
0
0
0
0 0 0 0 0 0 0 0 0 0
0 0 0 0 0 0 0 0 0 0
0 0 0 0 0 0 0 0 0 0
0 0 0 0 0 0 0 0 0 0
0 0 0 0 0 0 0 0 0 0
0 0 0 0 0 0 0 0 0 0
0 0 0 0 0 0 0 0 0 0
0 0 0 0 0 0 0 0 0 0
0 0 0 0 0 0 0 0 0 0
0 0 0 0 0 0 0 0 0 0
0 0 0 0 0 0 0 0 0 0
0 0 0 0 0 0 0 0 0 0
0 0 0 0 0 4 0 0 0 0
0 0 0 0 0 9 0 0 0 0
0 0 0 0 0 6 8 0 0 0
0 0 0 0 0 6 7 0 0 0
END
161953
0
0
0
0 0 0 0 0 0 0 0 0 0
0 0 0 0 0 0 0 0 0 0
0 0 0 0 0 0 0 0 0 0
0 0 0 0 0 0 0 0 0 0
0 0 0 0 0 0 0 0 0 0
0 0 0 0 0 0 0 0 0 0
0 0 0 0 0 0 0 0 0 0
0 0 0 0 0 0 0 0 0 0
0 0 0 0 0 0 0 0 0 0
0 0 0 0 0 0 0 0 0 0
0 0 0 0 0 0 0 0 0 0
0 0 0 0 0 0 0 0 0 0
0 0 0 0 0 4 0 0 0 0
0 0 0 0 0 9 0 0 0 0
0 0 0 0 0 6 8 0 0 0
0 0 0 0 0 6 7 0 0 0
END
3
158946
0
8
1
0 0 0 0 0 0 0 0 0 0
0 0 0 0 0 0 0 0 0 0
0 0 0 0 0 0 0 0 0 0
0 0 0 0 0 0 0 0 0 0
0 0 0 0 0 0 0 0 0 0
0 0 0 0 0 0 0 0 0 0
0 0 0 0 0 0 0 0 0 0
0 0 0 0 0 0 0 0 0 0
0 0 0 0 0 0 0 0 0 0
0 0 0 0 0 0 0 0 0 0
0 0 0 0 0 0 0 0 0 0
0 0 0 0 0 1 0 0 0 0
0 0 0 0 0 4 0 0 0 0
0 0 0 0 0 9 0 0 0 0
0 0 0 0 0 6 8 0 0 0
0 0 0 0 0 6 7 0 0 0
END
161952
0
8
1
0 0 0 0 0 0 0 0 0 0
0 0 0 0 0 0 0 0 0 0
0 0 0 0 0 0 0 0 0 0
0 0 0 0 0 0 0 0 0 0
0 0 0 0 0 0 0 0 0 0
0 0 0 0 0 0 0 0 0 0
0 0 0 0 0 0 0 0 0 0
0 0 0 0 0 0 0 0 0 0
0 0 0 0 0 0 0 0 0 0
0 0 0 0 0 0 0 0 0 0
0 0 0 0 0 0 0 0 0 0
0 0 0 0 0 1 0 0 0 0
0 0 0 0 0 4 0 0 0 0
0 0 0 0 0 9 0 0 0 0
0 0 0 0 0 6 8 0 0 0
0 0 0 0 0 6 7 0 0 0
END
4
157939
0
8
1
0 0 0 0 0 0 0 0 0 0
0 0 0 0 0 0 0 0 0 0
0 0 0 0 0 0 0 0 0 0
0 0 0 0 0 0 0 0 0 0
0 0 0 0 0 0 0 0 0 0
0 0 0 0 0 0 0 0 0 0
0 0 0 0 0 0 0 0 0 0
0 0 0 0 0 0 0 0 0 0
0 0 0 0 0 0 0 0 0 0
0 0 0 0 0 0 0 0 0 0
0 0 0 0 0 7 0 0 0 0
0 0 0 0 0 1 0 0 0 0
0 0 0 0 0 4 4 0 0 0
0 0 0 0 0 9 3 0 0 0
0 0 0 0 0 6 8 0 0 0
0 0 0 0 0 6 7 0 0 0
END
161946
0
8
1
0 0 0 0 0 0 0 0 0 0
0 0 0 0 0 0 0 0 0 0
0 0 0 0 0 0 0 0 0 0
0 0 0 0 0 0 0 0 0 0
0 0 0 0 0 0 0 0 0 0
0 0 0 0 0 0 0 0 0 0
0 0 0 0 0 0 0 0 0 0
0 0 0 0 0 0 0 0 0 0
0 0 0 0 0 0 0 0 0 0
0 0 0 0 0 0 0 0 0 0
0 0 0 0 0 7 0 0 0 0
0 0 0 0 0 1 0 0 0 0
0 0 0 0 0 4 4 0 0 0
0 0 0 0 0 9 3 0 0 0
0 0 0 0 0 6 8 0 0 0
0 0 0 0 0 6 7 0 0 0
END
5
156932
0
8
1
0 0 0 0 0 0 0 0 0 0
0 0 0 0 0 0 0 0 0 0
0 0 0 0 0 0 0 0 0 0
0 0 0 0 0 0 0 0 0 0
0 0 0 0 0 0 0 0 0 0
0 0 0 0 0 0 0 0 0 0
0 0 0 0 0 0 0 0 0 0
0 0 0 0 0 0 0 0 0 0
0 0 0 0 0 5 0 0 0 0
0 0 0 0 0 9 0 0 0 0
0 0 0 0 0 7 0 0 0 0
0 0 0 0 0 1 0 0 0 0
0 0 0 0 0 4 4 0 0 0
0 0 0 0 0 9 3 0 0 0
0 0 0 0 8 6 8 0 0 0
0 0 0 0 9 6 7 0 0 0
END
161940
0
8
1
0 0 0 0 0 0 0 0 0 0
0 0 0 0 0 0 0 0 0 0
0 0 0 0 0 0 0 0 0 0
0 0 0 0 0 0 0 0 0 0
0 0 0 0 0 0 0 0 0 0
0 0 0 0 0 0 0 0 0 0
0 0 0 0 0 0 0 0 0 0
0 0 0 0 0 0 0 0 0 0
0 0 0 0 0 5 0 0 0 0
0 0 0 0 0 9 0 0 0 0
0 0 0 0 0 7 0 0 0 0
0 0 0 0 0 1 0 0 0 0
0 0 0 0 0 4 4 0 0 0
0 0 0 0 0 9 3 0 0 0
0 0 0 0 8 6 8 0 0 0
0 0 0 0 9 6 7 0 0 0
END
6
155927
0
8
1
0 0 0 0 0 0 0 0 0 0
0 0 0 0 0 0 0 0 0 0
0 0 0 0 0 0 0 0 0 0
0 0 0 0 0 0 0 0 0 0
0 0 0 0 0 0 0 0 0 0
0 0 0 0 0 0 0 0 0 0
0 0 0 0 0 0 0 0 0 0
0 0 0 0 0 0 0 0 0 0
0 0 0 0 0 5 0 0 0 0
0 0 0 0 0 9 0 0 0 0
0 0 0 0 0 7 6 0 0 0
0 0 0 0 0 1 1 0 0 0
0 0 0 0 0 4 4 0 0 0
0 0 0 0 0 9 3 0 0 0
0 0 0 0 8 6 8 0 0 0
0 0 0 0 9 6 7 9 0 0
END
161940
0
8
1
0 0 0 0 0 0 0 0 0 0
0 0 0 0 0 0 0 0 0 0
0 0 0 0 0 0 0 0 0 0
0 0 0 0 0 0 0 0 0 0
0 0 0 0 0 0 0 0 0 0
0 0 0 0 0 0 0 0 0 0
0 0 0 0 0 0 0 0 0 0
0 0 0 0 0 0 0 0 0 0
0 0 0 0 0 5 0 0 0 0
0 0 0 0 0 9 0 0 0 0
0 0 0 0 0 7 6 0 0 0
0 0 0 0 0 1 1 0 0 0
0 0 0 0 0 4 4 0 0 0
0 0 0 0 0 9 3 0 0 0
0 0 0 0 8 6 8 0 0 0
0 0 0 0 9 6 7 9 0 0
END
7
154923
0
8
1
0 0 0 0 0 0 0 0 0 0
0 0 0 0 0 0 0 0 0 0
0 0 0 0 0 0 0 0 0 0
0 0 0 0 0 0 0 0 0 0
0 0 0 0 0 0 0 0 0 0
0 0 0 0 0 0 0 0 0 0
0 0 0 0 0 1 0 0 0 0
0 0 0 0 0 1 0 0 0 0
0 0 0 0 0 5 0 0 0 0
0 0 0 0 0 9 0 0 0 0
0 0 0 0 0 7 6 0 0 0
0 0 0 0 0 1 1 0 0 0
0 0 0 0 0 4 4 0 0 0
0 0 0 0 5 9 3 0 0 0
0 0 0 0 8 6 8 0 0 0
0 0 0 0 9 6 7 9 0 0
END
161940
0
8
1
0 0 0 0 0 0 0 0 0 0
0 0 0 0 0 0 0 0 0 0
0 0 0 0 0 0 0 0 0 0
0 0 0 0 0 0 0 0 0 0
0 0 0 0 0 0 0 0 0 0
0 0 0 0 0 0 0 0 0 0
0 0 0 0 0 1 0 0 0 0
0 0 0 0 0 1 0 0 0 0
0 0 0 0 0 5 0 0 0 0
0 0 0 0 0 9 0 0 0 0
0 0 0 0 0 7 6 0 0 0
0 0 0 0 0 1 1 0 0 0
0 0 0 0 0 4 4 0 0 0
0 0 0 0 5 9 3 0 0 0
0 0 0 0 8 6 8 0 0 0
0 0 0 0 9 6 7 9 0 0
END
8
153918
0
8
1
0 0 0 0 0 0 0 0 0 0
0 0 0 0 0 0 0 0 0 0
0 0 0 0 0 0 0 0 0 0
0 0 0 0 0 0 0 0 0 0
0 0 0 0 0 0 0 0 0 0
0 0 0 0 0 0 0 0 0 0
0 0 0 0 0 1 0 0 0 0
0 0 0 0 0 1 0 0 0 0
0 0 0 0 0 5 4 0 0 0
0 0 0 0 0 9 9 0 0 0
0 0 0 0 0 7 6 0 0 0
0 0 0 0 0 1 1 0 0 0
0 0 0 0 0 4 4 0 0 0
0 0 0 0 5 9 3 0 0 0
0 0 0 0 8 6 8 5 0 0
0 0 0 0 9 6 7 9 0 0
END
161933
0
8
1
0 0 0 0 0 0 0 0 0 0
0 0 0 0 0 0 0 0 0 0
0 0 0 0 0 0 0 0 0 0
0 0 0 0 0 0 0 0 0 0
0 0 0 0 0 0 0 0 0 0
0 0 0 0 0 0 0 0 0 0
0 0 0 0 0 1 0 0 0 0
0 0 0 0 0 1 0 0 0 0
0 0 0 0 0 5 4 0 0 0
0 0 0 0 0 9 9 0 0 0
0 0 0 0 0 7 6 0 0 0
0 0 0 0 0 1 1 0 0 0
0 0 0 0 0 4 4 0 0 0
0 0 0 0 5 9 3 0 0 0
0 0 0 0 8 6 8 5 0 0
0 0 0 0 9 6 7 9 0 0
END
9
152913
0
8
1
0 0 0 0 0 0 0 0 0 0
0 0 0 0 0 0 0 0 0 0
0 0 0 0 0 0 0 0 0 0
0 0 0 0 0 0 0 0 0 0
0 0 0 0 0 3 0 0 0 0
0 0 0 0 0 1 0 0 0 0
0 0 0 0 0 1 2 0 0 0
0 0 0 0 0 1 4 0 0 0
0 0 0 0 0 5 4 0 0 0
0 0 0 0 0 9 9 0 0 0
0 0 0 0 0 7 6 0 0 0
0 0 0 0 0 1 1 0 0 0
0 0 0 0 0 4 4 0 0 0
0 0 0 0 5 9 3 0 0 0
0 0 0 0 8 6 8 5 0 0
0 0 0 0 9 6 7 9 0 0
END
161927
0
8
1
0 0 0 0 0 0 0 0 0 0
0 0 0 0 0 0 0 0 0 0
0 0 0 0 0 0 0 0 0 0
0 0 0 0 0 0 0 0 0 0
0 0 0 0 0 3 0 0 0 0
0 0 0 0 0 1 0 0 0 0
0 0 0 0 0 1 2 0 0 0
0 0 0 0 0 1 4 0 0 0
0 0 0 0 0 5 4 0 0 0
0 0 0 0 0 9 9 0 0 0
0 0 0 0 0 7 6 0 0 0
0 0 0 0 0 1 1 0 0 0
0 0 0 0 0 4 4 0 0 0
0 0 0 0 5 9 3 0 0 0
0 0 0 0 8 6 8 5 0 0
0 0 0 0 9 6 7 9 0 0
END
10
151908
0
8
1
0 0 0 0 0 0 0 0 0 0
0 0 0 0 0 0 0 0 0 0
0 0 0 0 0 0 0 0 0 0
0 0 0 0 0 0 0 0 0 0
0 0 0 0 0 3 0 0 0 0
0 0 0 0 0 1 0 0 0 0
0 0 0 0 0 1 2 0 0 0
0 0 0 0 0 1 4 0 0 0
0 0 0 0 0 5 4 0 0 0
0 0 0 0 0 9 9 0 0 0
0 0 0 0 0 7 6 0 0 0
0 0 0 0 0 1 1 0 0 0
0 0 0 0 0 4 4 0 0 0
0 0 0 0 5 9 3 0 0 0
0 6 0 0 8 6 8 5 0 0
8 8 0 0 9 6 7 9 0 0
END
161920
0
8
1
0 0 0 0 0 0 0 0 0 0
0 0 0 0 0 0 0 0 0 0
0 0 0 0 0 0 0 0 0 0
0 0 0 0 0 0 0 0 0 0
0 0 0 0 0 3 0 0 0 0
0 0 0 0 0 1 0 0 0 0
0 0 0 0 0 1 2 0 0 0
0 0 0 0 0 1 4 0 0 0
0 0 0 0 0 5 4 0 0 0
0 0 0 0 0 9 9 0 0 0
0 0 0 0 0 7 6 0 0 0
0 0 0 0 0 1 1 0 0 0
0 0 0 0 0 4 4 0 0 0
0 0 0 0 5 9 3 0 0 0
0 6 0 0 8 6 8 5 0 0
8 8 0 0 9 6 7 9 0 0
END
11
151647
0
8
1
0 0 0 0 0 0 0 0 0 0
0 0 0 0 0 0 0 0 0 0
0 0 0 0 0 0 0 0 0 0
0 0 0 0 0 0 0 0 0 0
0 0 0 0 0 3 8 0 0 0
0 0 0 0 0 1 1 0 0 0
0 0 0 0 0 1 2 0 0 0
0 0 0 0 0 1 4 0 0 0
0 0 0 0 0 5 4 0 0 0
0 0 0 0 0 9 9 0 0 0
0 0 0 0 0 7 6 0 0 0
0 0 0 0 0 1 1 0 0 0
0 0 0 0 0 4 4 0 0 0
0 0 0 0 5 9 3 1 0 0
0 6 0 0 8 6 8 5 0 0
8 8 0 0 9 6 7 9 0 0
END
161920
0
8
1
0 0 0 0 0 0 0 0 0 0
0 0 0 0 0 0 0 0 0 0
0 0 0 0 0 0 0 0 0 0
0 0 0 0 0 0 0 0 0 0
0 0 0 0 0 3 8 0 0 0
0 0 0 0 0 1 1 0 0 0
0 0 0 0 0 1 2 0 0 0
0 0 0 0 0 1 4 0 0 0
0 0 0 0 0 5 4 0 0 0
0 0 0 0 0 9 9 0 0 0
0 0 0 0 0 7 6 0 0 0
0 0 0 0 0 1 1 0 0 0
0 0 0 0 0 4 4 0 0 0
0 0 0 0 5 9 3 1 0 0
0 6 0 0 8 6 8 5 0 0
8 8 0 0 9 6 7 9 0 0
END
12
151583
0
8
1
0 0 0 0 0 0 0 0 0 0
0 0 0 0 0 0 0 0 0 0
0 0 0 0 0 0 0 0 0 0
0 0 0 0 0 0 0 0 0 0
0 0 0 0 0 3 8 0 0 0
0 0 0 0 0 1 1 0 0 0
0 0 0 0 0 1 2 0 0 0
0 0 0 0 0 1 4 0 0 0
0 0 0 0 0 5 4 0 0 0
0 0 0 0 0 9 9 0 0 0
0 0 0 0 0 7 6 0 0 0
0 0 0 0 0 1 1 0 0 0
0 0 0 0 0 4 4 2 0 0
0 0 0 0 5 9 3 1 0 0
0 6 0 0 8 6 8 5 8 0
8 8 0 0 9 6 7 9 8 0
END
161915
0
8
1
0 0 0 0 0 0 0 0 0 0
0 0 0 0 0 0 0 0 0 0
0 0 0 0 0 0 0 0 0 0
0 0 0 0 0 0 0 0 0 0
0 0 0 0 0 3 8 0 0 0
0 0 0 0 0 1 1 0 0 0
0 0 0 0 0 1 2 0 0 0
0 0 0 0 0 1 4 0 0 0
0 0 0 0 0 5 4 0 0 0
0 0 0 0 0 9 9 0 0 0
0 0 0 0 0 7 6 0 0 0
0 0 0 0 0 1 1 0 0 0
0 0 0 0 0 4 4 2 0 0
0 0 0 0 5 9 3 1 0 0
0 6 0 0 8 6 8 5 8 0
8 8 0 0 9 6 7 9 8 0
END
13
151577
0
0
121
0 0 0 0 0 0 0 0 0 0
0 0 0 0 0 0 0 0 0 0
0 0 0 0 0 0 0 0 0 0
0 0 0 0 0 0 0 0 0 0
0 0 0 0 0 0 0 0 0 0
0 0 0 0 0 0 0 0 0 0
0 0 0 0 0 0 0 0 0 0
0 0 0 0 0 0 0 0 0 0
0 0 0 0 0 0 0 0 0 0
0 0 0 0 0 0 0 0 0 0
0 0 0 0 0 0 0 0 0 0
0 0 0 0 0 0 0 0 0 0
0 0 0 0 0 0 0 0 0 0
0 0 0 0 0 0 0 2 0 0
0 6 0 0 0 0 0 1 0 0
8 8 0 0 8 0 0 5 8 0
END
161915
0
0
121
0 0 0 0 0 0 0 0 0 0
0 0 0 0 0 0 0 0 0 0
0 0 0 0 0 0 0 0 0 0
0 0 0 0 0 0 0 0 0 0
0 0 0 0 0 0 0 0 0 0
0 0 0 0 0 0 0 0 0 0
0 0 0 0 0 0 0 0 0 0
0 0 0 0 0 0 0 0 0 0
0 0 0 0 0 0 0 0 0 0
0 0 0 0 0 0 0 0 0 0
0 0 0 0 0 0 0 0 0 0
0 0 0 0 0 0 0 0 0 0
0 0 0 0 0 0 0 0 0 0
0 0 0 0 0 0 0 2 0 0
0 6 0 0 0 0 0 1 0 0
8 8 0 0 8 0 0 5 8 0
END
14
135535
0
0
121
0 0 0 0 0 0 0 0 0 0
0 0 0 0 0 0 0 0 0 0
0 0 0 0 0 0 0 0 0 0
0 0 0 0 0 0 0 0 0 0
0 0 0 0 0 0 0 0 0 0
0 0 0 0 0 0 0 0 0 0
0 0 0 0 0 0 0 0 0 0
0 0 0 0 0 0 0 0 0 0
0 0 0 0 0 0 0 0 0 0
0 0 0 0 0 0 0 0 0 0
0 0 0 0 0 0 0 0 0 0
0 0 0 0 0 0 0 0 0 0
0 0 0 0 0 0 0 6 0 0
0 0 0 0 0 0 0 2 2 0
0 6 0 0 0 0 0 1 4 0
8 8 0 0 8 0 0 5 8 0
END
146874
0
0
121
0 0 0 0 0 0 0 0 0 0
0 0 0 0 0 0 0 0 0 0
0 0 0 0 0 0 0 0 0 0
0 0 0 0 0 0 0 0 0 0
0 0 0 0 0 0 0 0 0 0
0 0 0 0 0 0 0 0 0 0
0 0 0 0 0 0 0 0 0 0
0 0 0 0 0 0 0 0 0 0
0 0 0 0 0 0 0 0 0 0
0 0 0 0 0 0 0 0 0 0
0 0 0 0 0 0 0 0 0 0
0 0 0 0 0 0 0 0 0 0
0 0 0 0 0 0 0 6 0 0
0 0 0 0 0 0 0 2 2 0
0 6 0 0 0 0 0 1 4 0
8 8 0 0 8 0 0 5 8 0
END
15
134527
0
0
121
0 0 0 0 0 0 0 0 0 0
0 0 0 0 0 0 0 0 0 0
0 0 0 0 0 0 0 0 0 0
0 0 0 0 0 0 0 0 0 0
0 0 0 0 0 0 0 0 0 0
0 0 0 0 0 0 0 0 0 0
0 0 0 0 0 0 0 0 0 0
0 0 0 0 0 0 0 0 0 0
0 0 0 0 0 0 0 0 0 0
0 0 0 0 0 0 0 0 0 0
0 0 0 0 0 0 0 0 0 0
0 0 0 0 0 0 0 2 0 0
0 0 0 0 0 0 0 6 0 0
0 0 0 0 0 0 0 2 2 0
0 6 0 0 0 0 4 1 4 0
8 8 0 0 8 0 7 5 8 0
END
146868
0
0
121
0 0 0 0 0 0 0 0 0 0
0 0 0 0 0 0 0 0 0 0
0 0 0 0 0 0 0 0 0 0
0 0 0 0 0 0 0 0 0 0
0 0 0 0 0 0 0 0 0 0
0 0 0 0 0 0 0 0 0 0
0 0 0 0 0 0 0 0 0 0
0 0 0 0 0 0 0 0 0 0
0 0 0 0 0 0 0 0 0 0
0 0 0 0 0 0 0 0 0 0
0 0 0 0 0 0 0 0 0 0
0 0 0 0 0 0 0 2 0 0
0 0 0 0 0 0 0 6 0 0
0 0 0 0 0 0 0 2 2 0
0 6 0 0 0 0 4 1 4 0
8 8 0 0 8 0 7 5 8 0
END
16
133515
0
0
121
0 0 0 0 0 0 0 0 0 0
0 0 0 0 0 0 0 0 0 0
0 0 0 0 0 0 0 0 0 0
0 0 0 0 0 0 0 0 0 0
0 0 0 0 0 0 0 0 0 0
0 0 0 0 0 0 0 0 0 0
0 0 0 0 0 0 0 0 0 0
0 0 0 0 0 0 0 0 0 0
0 0 0 0 0 0 0 0 0 0
0 0 0 0 0 0 0 3 0 0
0 0 0 0 0 0 0 4 0 0
0 0 0 0 0 0 0 2 0 0
0 0 0 0 0 0 0 6 0 0
0 0 0 0 0 0 7 2 2 0
0 6 0 0 0 0 4 1 4 0
8 8 0 0 8 0 7 5 8 0
END
146868
0
0
121
0 0 0 0 0 0 0 0 0 0
0 0 0 0 0 0 0 0 0 0
0 0 0 0 0 0 0 0 0 0
0 0 0 0 0 0 0 0 0 0
0 0 0 0 0 0 0 0 0 0
0 0 0 0 0 0 0 0 0 0
0 0 0 0 0 0 0 0 0 0
0 0 0 0 0 0 0 0 0 0
0 0 0 0 0 0 0 0 0 0
0 0 0 0 0 0 0 3 0 0
0 0 0 0 0 0 0 4 0 0
0 0 0 0 0 0 0 2 0 0
0 0 0 0 0 0 0 6 0 0
0 0 0 0 0 0 7 2 2 0
0 6 0 0 0 0 4 1 4 0
8 8 0 0 8 0 7 5 8 0
END
17
132508
0
0
121
0 0 0 0 0 0 0 0 0 0
0 0 0 0 0 0 0 0 0 0
0 0 0 0 0 0 0 0 0 0
0 0 0 0 0 0 0 0 0 0
0 0 0 0 0 0 0 0 0 0
0 0 0 0 0 0 0 0 0 0
0 0 0 0 0 0 0 0 0 0
0 0 0 0 0 0 0 0 0 0
0 0 0 0 0 0 0 0 0 0
0 0 0 0 0 0 0 3 0 0
0 0 0 0 0 0 0 4 0 0
0 0 0 0 0 0 3 2 0 0
0 0 0 0 0 0 9 6 0 0
0 0 0 0 0 0 7 2 2 0
0 6 0 0 0 0 4 1 4 0
8 8 0 0 8 7 7 5 8 0
END
146862
0
0
121
0 0 0 0 0 0 0 0 0 0
0 0 0 0 0 0 0 0 0 0
0 0 0 0 0 0 0 0 0 0
0 0 0 0 0 0 0 0 0 0
0 0 0 0 0 0 0 0 0 0
0 0 0 0 0 0 0 0 0 0
0 0 0 0 0 0 0 0 0 0
0 0 0 0 0 0 0 0 0 0
0 0 0 0 0 0 0 0 0 0
0 0 0 0 0 0 0 3 0 0
0 0 0 0 0 0 0 4 0 0
0 0 0 0 0 0 3 2 0 0
0 0 0 0 0 0 9 6 0 0
0 0 0 0 0 0 7 2 2 0
0 6 0 0 0 0 4 1 4 0
8 8 0 0 8 7 7 5 8 0
END
18
131505
0
0
121
0 0 0 0 0 0 0 0 0 0
0 0 0 0 0 0 0 0 0 0
0 0 0 0 0 0 0 0 0 0
0 0 0 0 0 0 0 0 0 0
0 0 0 0 0 0 0 0 0 0
0 0 0 0 0 0 0 0 0 0
0 0 0 0 0 0 0 0 0 0
0 0 0 0 0 0 0 0 0 0
0 0 0 0 0 0 0 0 0 0
0 0 0 0 0 0 0 3 0 0
0 0 0 0 0 0 0 4 0 0
0 0 0 0 0 0 3 2 0 0
0 0 0 0 0 0 9 6 0 0
0 0 0 0 0 0 7 2 2 0
0 6 0 3 4 0 4 1 4 0
8 8 0 4 8 7 7 5 8 0
END
146862
0
0
121
0 0 0 0 0 0 0 0 0 0
0 0 0 0 0 0 0 0 0 0
0 0 0 0 0 0 0 0 0 0
0 0 0 0 0 0 0 0 0 0
0 0 0 0 0 0 0 0 0 0
0 0 0 0 0 0 0 0 0 0
0 0 0 0 0 0 0 0 0 0
0 0 0 0 0 0 0 0 0 0
0 0 0 0 0 0 0 0 0 0
0 0 0 0 0 0 4 3 0 0
0 0 0 0 0 0 3 4 0 0
0 0 0 0 0 0 3 2 0 0
0 0 0 0 0 0 9 6 0 0
0 0 0 0 0 0 7 2 2 0
0 6 0 0 0 4 4 1 4 0
8 8 0 0 8 7 7 5 8 0
END
19
130501
0
0
121
0 0 0 0 0 0 0 0 0 0
0 0 0 0 0 0 0 0 0 0
0 0 0 0 0 0 0 0 0 0
0 0 0 0 0 0 0 0 0 0
0 0 0 0 0 0 0 0 0 0
0 0 0 0 0 0 0 0 0 0
0 0 0 0 0 0 0 0 0 0
0 0 0 0 0 0 0 0 0 0
0 0 0 0 0 0 0 0 0 0
0 0 0 0 0 0 0 3 0 0
0 0 0 0 0 0 3 4 0 0
0 0 0 0 0 0 3 2 0 0
0 0 0 0 0 0 9 6 0 0
0 0 0 0 0 2 7 2 2 0
0 6 0 3 4 9 4 1 4 0
8 8 0 4 8 7 7 5 8 0
END
146856
0
0
121
0 0 0 0 0 0 0 0 0 0
0 0 0 0 0 0 0 0 0 0
0 0 0 0 0 0 0 0 0 0
0 0 0 0 0 0 0 0 0 0
0 0 0 0 0 0 0 0 0 0
0 0 0 0 0 0 0 0 0 0
0 0 0 0 0 0 0 0 0 0
0 0 0 0 0 0 0 0 0 0
0 0 0 0 0 0 0 3 0 0
0 0 0 0 0 0 4 3 0 0
0 0 0 0 0 0 3 4 0 0
0 0 0 0 0 0 3 2 9 0
0 0 0 0 0 0 9 6 2 0
0 0 0 0 0 0 7 2 2 0
0 6 0 0 0 4 4 1 4 0
8 8 0 0 8 7 7 5 8 0
END
20
130225
0
0
121
0 0 0 0 0 0 0 0 0 0
0 0 0 0 0 0 0 0 0 0
0 0 0 0 0 0 0 0 0 0
0 0 0 0 0 0 0 0 0 0
0 0 0 0 0 0 0 0 0 0
0 0 0 0 0 0 0 0 0 0
0 0 0 0 0 0 0 0 0 0
0 0 0 0 0 0 0 0 0 0
0 0 0 0 0 0 0 0 0 0
0 0 0 0 0 0 0 3 0 0
0 0 0 0 0 0 3 4 0 0
0 0 0 0 0 0 3 2 0 0
0 0 0 7 7 0 9 6 0 0
0 0 0 2 4 2 7 2 2 0
0 6 0 3 4 9 4 1 4 0
8 8 0 4 8 7 7 5 8 0
END
146856
0
0
121
0 0 0 0 0 0 0 0 0 0
0 0 0 0 0 0 0 0 0 0
0 0 0 0 0 0 0 0 0 0
0 0 0 0 0 0 0 0 0 0
0 0 0 0 0 0 0 0 0 0
0 0 0 0 0 0 0 0 0 0
0 0 0 0 0 0 0 0 0 0
0 0 0 0 0 0 0 0 0 0
0 0 0 0 0 0 0 3 0 0
0 0 0 0 0 0 4 3 0 0
0 0 0 0 0 0 3 4 0 0
0 0 0 0 0 0 3 2 9 0
0 0 0 0 0 2 9 6 2 0
0 0 0 0 4 7 7 2 2 0
0 6 0 0 7 4 4 1 4 0
8 8 0 0 8 7 7 5 8 0
END
21
130207
0
0
121
0 0 0 0 0 0 0 0 0 0
0 0 0 0 0 0 0 0 0 0
0 0 0 0 0 0 0 0 0 0
0 0 0 0 0 0 0 0 0 0
0 0 0 0 0 0 0 0 0 0
0 0 0 0 0 0 0 0 0 0
0 0 0 0 0 0 0 0 0 0
0 0 0 0 0 0 0 6 0 0
0 0 0 0 0 0 0 5 0 0
0 0 0 0 0 0 4 3 0 0
0 0 0 0 0 0 3 4 0 0
0 0 0 0 0 0 3 2 0 0
0 0 0 7 7 0 9 6 0 0
0 0 0 2 4 2 7 2 2 0
0 6 0 3 4 9 4 1 4 0
8 8 0 4 8 7 7 5 8 0
END
146849
0
0
121
0 0 0 0 0 0 0 0 0 0
0 0 0 0 0 0 0 0 0 0
0 0 0 0 0 0 0 0 0 0
0 0 0 0 0 0 0 0 0 0
0 0 0 0 0 0 0 0 0 0
0 0 0 0 0 0 0 0 0 0
0 0 0 0 0 0 0 0 0 0
0 0 0 0 0 0 0 0 0 0
0 0 0 0 0 0 0 3 0 0
0 0 0 0 0 0 4 3 0 0
0 0 0 0 0 0 3 4 0 0
0 0 0 0 0 0 3 2 9 0
0 0 0 0 4 2 9 6 2 0
0 0 0 0 4 7 7 2 2 0
0 6 0 5 7 4 4 1 4 0
8 8 0 6 8 7 7 5 8 0
END
22
130200
0
0
171
0 0 0 0 0 0 0 0 0 0
0 0 0 0 0 0 0 0 0 0
0 0 0 0 0 0 0 0 0 0
0 0 0 0 0 0 0 0 0 0
0 0 0 0 0 0 0 0 0 0
0 0 0 0 0 0 0 0 0 0
0 0 0 0 0 0 0 0 0 0
0 0 0 0 0 0 0 0 0 0
0 0 0 0 0 0 0 0 0 0
0 0 0 0 0 0 0 0 0 0
0 0 0 0 0 0 0 0 0 0
0 0 0 0 0 0 0 0 0 0
0 0 0 0 0 0 0 0 0 0
0 0 0 7 0 0 0 0 1 0
0 6 0 2 4 0 3 0 2 0
8 8 0 4 4 9 4 0 4 0
END
146849
0
0
171
0 0 0 0 0 0 0 0 0 0
0 0 0 0 0 0 0 0 0 0
0 0 0 0 0 0 0 0 0 0
0 0 0 0 0 0 0 0 0 0
0 0 0 0 0 0 0 0 0 0
0 0 0 0 0 0 0 0 0 0
0 0 0 0 0 0 0 0 0 0
0 0 0 0 0 0 0 0 0 0
0 0 0 0 0 0 0 0 0 0
0 0 0 0 0 0 0 0 0 0
0 0 0 0 0 0 0 0 0 0
0 0 0 0 0 0 0 0 0 0
0 0 0 0 0 0 0 0 0 0
0 0 0 0 0 0 0 0 0 0
0 6 0 0 4 0 4 3 2 0
8 8 0 5 7 4 4 5 4 0
END
23
114175
0
0
171
0 0 0 0 0 0 0 0 0 0
0 0 0 0 0 0 0 0 0 0
0 0 0 0 0 0 0 0 0 0
0 0 0 0 0 0 0 0 0 0
0 0 0 0 0 0 0 0 0 0
0 0 0 0 0 0 0 0 0 0
0 0 0 0 0 0 0 0 0 0
0 0 0 0 0 0 0 0 0 0
0 0 0 0 0 0 0 0 0 0
0 0 0 0 0 0 0 0 0 0
0 0 0 0 0 0 0 0 0 0
0 0 0 0 0 0 0 0 0 0
0 0 0 0 0 0 0 0 0 0
0 0 0 7 9 9 0 0 1 0
0 6 0 2 4 4 3 0 2 0
8 8 0 4 4 9 4 0 4 0
END
131830
0
0
171
0 0 0 0 0 0 0 0 0 0
0 0 0 0 0 0 0 0 0 0
0 0 0 0 0 0 0 0 0 0
0 0 0 0 0 0 0 0 0 0
0 0 0 0 0 0 0 0 0 0
0 0 0 0 0 0 0 0 0 0
0 0 0 0 0 0 0 0 0 0
0 0 0 0 0 0 0 0 0 0
0 0 0 0 0 0 0 0 0 0
0 0 0 0 0 0 0 0 0 0
0 0 0 0 0 0 0 0 0 0
0 0 0 0 0 0 0 0 0 0
0 0 0 0 0 0 0 0 0 0
0 0 0 0 9 9 0 0 0 0
0 6 0 0 4 4 4 3 2 0
8 8 0 5 7 4 4 5 4 0
END
24
113170
0
8
172
0 0 0 0 0 0 0 0 0 0
0 0 0 0 0 0 0 0 0 0
0 0 0 0 0 0 0 0 0 0
0 0 0 0 0 0 0 0 0 0
0 0 0 0 0 0 0 0 0 0
0 0 0 0 0 0 0 0 0 0
0 0 0 0 0 0 0 0 0 0
0 0 0 0 0 0 0 0 0 0
0 0 0 0 0 0 0 0 0 0
0 0 0 0 0 0 0 0 0 0
0 0 0 0 0 0 0 0 0 0
0 0 0 0 0 0 0 0 0 0
0 0 0 0 0 0 0 0 0 0
0 0 0 7 9 9 3 0 0 0
0 6 0 2 4 4 3 0 1 0
8 8 0 4 4 9 4 5 4 0
END
131823
0
0
171
0 0 0 0 0 0 0 0 0 0
0 0 0 0 0 0 0 0 0 0
0 0 0 0 0 0 0 0 0 0
0 0 0 0 0 0 0 0 0 0
0 0 0 0 0 0 0 0 0 0
0 0 0 0 0 0 0 0 0 0
0 0 0 0 0 0 0 0 0 0
0 0 0 0 0 0 0 0 0 0
0 0 0 0 0 0 0 0 0 0
0 0 0 0 0 0 0 0 0 0
0 0 0 0 0 0 0 0 0 0
0 0 0 0 0 0 0 0 0 0
0 0 0 0 0 0 0 8 0 0
0 0 0 0 9 9 5 3 0 0
0 6 0 0 4 4 4 3 2 0
8 8 0 5 7 4 4 5 4 0
END
25
112166
0
8
172
0 0 0 0 0 0 0 0 0 0
0 0 0 0 0 0 0 0 0 0
0 0 0 0 0 0 0 0 0 0
0 0 0 0 0 0 0 0 0 0
0 0 0 0 0 0 0 0 0 0
0 0 0 0 0 0 0 0 0 0
0 0 0 0 0 0 0 0 0 0
0 0 0 0 0 0 0 0 0 0
0 0 0 0 0 0 0 0 0 0
0 0 0 0 0 0 0 0 0 0
0 0 0 0 0 0 0 0 0 0
0 0 0 0 0 7 0 0 0 0
0 0 0 0 6 9 0 0 0 0
0 0 0 7 9 9 3 0 0 0
0 6 0 2 4 4 3 0 1 0
8 8 0 4 4 9 4 5 4 0
END
131823
0
0
171
0 0 0 0 0 0 0 0 0 0
0 0 0 0 0 0 0 0 0 0
0 0 0 0 0 0 0 0 0 0
0 0 0 0 0 0 0 0 0 0
0 0 0 0 0 0 0 0 0 0
0 0 0 0 0 0 0 0 0 0
0 0 0 0 0 0 0 0 0 0
0 0 0 0 0 0 0 0 0 0
0 0 0 0 0 0 0 0 0 0
0 0 0 0 0 0 0 0 0 0
0 0 0 0 0 0 0 7 0 0
0 0 0 0 0 0 0 6 0 0
0 0 0 0 0 0 0 8 0 0
0 0 0 0 9 9 5 3 9 0
0 6 0 0 4 4 4 3 2 0
8 8 0 5 7 4 4 5 4 0
END
26
111160
0
8
172
0 0 0 0 0 0 0 0 0 0
0 0 0 0 0 0 0 0 0 0
0 0 0 0 0 0 0 0 0 0
0 0 0 0 0 0 0 0 0 0
0 0 0 0 0 0 0 0 0 0
0 0 0 0 0 0 0 0 0 0
0 0 0 0 0 0 0 0 0 0
0 0 0 0 0 0 0 0 0 0
0 0 0 0 0 0 0 0 0 0
0 0 0 0 0 0 0 0 0 0
0 0 0 0 0 0 0 0 0 0
0 0 0 0 0 7 4 0 0 0
0 0 0 0 6 9 9 0 0 0
0 0 0 7 9 9 3 0 0 0
0 6 0 2 4 4 3 1 1 0
8 8 0 4 4 9 4 5 4 0
END
131823
0
0
171
0 0 0 0 0 0 0 0 0 0
0 0 0 0 0 0 0 0 0 0
0 0 0 0 0 0 0 0 0 0
0 0 0 0 0 0 0 0 0 0
0 0 0 0 0 0 0 0 0 0
0 0 0 0 0 0 0 0 0 0
0 0 0 0 0 0 0 0 0 0
0 0 0 0 0 0 0 0 0 0
0 0 0 0 0 0 0 1 0 0
0 0 0 0 0 0 0 4 0 0
0 0 0 0 0 0 0 7 0 0
0 0 0 0 0 0 0 6 0 0
0 0 0 0 0 0 0 8 9 0
0 0 0 0 9 9 5 3 9 0
0 6 0 0 4 4 4 3 2 0
8 8 0 5 7 4 4 5 4 0
END
27
110151
0
8
172
0 0 0 0 0 0 0 0 0 0
0 0 0 0 0 0 0 0 0 0
0 0 0 0 0 0 0 0 0 0
0 0 0 0 0 0 0 0 0 0
0 0 0 0 0 0 0 0 0 0
0 0 0 0 0 0 0 0 0 0
0 0 0 0 0 0 0 0 0 0
0 0 0 0 0 0 0 0 0 0
0 0 0 0 0 0 0 0 0 0
0 0 0 0 0 8 0 0 0 0
0 0 0 0 0 7 1 0 0 0
0 0 0 0 0 7 4 0 0 0
0 0 0 0 6 9 9 0 0 0
0 0 0 7 9 9 3 0 0 0
0 6 0 2 4 4 3 1 1 0
8 8 0 4 4 9 4 5 4 0
END
131817
0
0
171
0 0 0 0 0 0 0 0 0 0
0 0 0 0 0 0 0 0 0 0
0 0 0 0 0 0 0 0 0 0
0 0 0 0 0 0 0 0 0 0
0 0 0 0 0 0 0 0 0 0
0 0 0 0 0 0 0 0 0 0
0 0 0 0 0 0 0 0 0 0
0 0 0 0 0 0 0 0 0 0
0 0 0 0 0 0 0 1 0 0
0 0 0 0 0 0 0 4 0 0
0 0 0 0 0 0 0 7 8 0
0 0 0 0 0 0 0 6 7 0
0 0 0 0 0 0 0 8 9 0
0 0 0 0 9 9 5 3 9 0
0 6 0 0 4 4 4 3 2 0
8 8 0 5 7 4 4 5 4 1
END
28
109145
0
8
172
0 0 0 0 0 0 0 0 0 0
0 0 0 0 0 0 0 0 0 0
0 0 0 0 0 0 0 0 0 0
0 0 0 0 0 0 0 0 0 0
0 0 0 0 0 0 0 0 0 0
0 0 0 0 0 0 0 0 0 0
0 0 0 0 0 0 0 0 0 0
0 0 0 0 0 1 0 0 0 0
0 0 0 0 0 3 0 0 0 0
0 0 0 0 0 8 0 0 0 0
0 0 0 0 0 7 1 0 0 0
0 0 0 0 9 7 4 0 0 0
0 0 0 0 6 9 9 0 0 0
0 0 0 7 9 9 3 0 0 0
0 6 0 2 4 4 3 1 1 0
8 8 0 4 4 9 4 5 4 0
END
131811
0
0
171
0 0 0 0 0 0 0 0 0 0
0 0 0 0 0 0 0 0 0 0
0 0 0 0 0 0 0 0 0 0
0 0 0 0 0 0 0 0 0 0
0 0 0 0 0 0 0 0 0 0
0 0 0 0 0 0 0 0 0 0
0 0 0 0 0 0 0 0 0 0
0 0 0 0 0 0 0 0 0 0
0 0 0 0 0 0 0 1 0 0
0 0 0 0 0 0 0 4 0 0
0 0 0 0 0 0 0 7 8 0
0 0 0 0 1 0 0 6 7 0
0 0 0 0 3 0 0 8 9 0
0 0 0 0 9 9 5 3 9 0
0 6 0 9 4 4 4 3 2 0
8 8 0 5 7 4 4 5 4 1
END
29
108138
0
8
172
0 0 0 0 0 0 0 0 0 0
0 0 0 0 0 0 0 0 0 0
0 0 0 0 0 0 0 0 0 0
0 0 0 0 0 0 0 0 0 0
0 0 0 0 0 0 0 0 0 0
0 0 0 0 0 9 0 0 0 0
0 0 0 0 0 7 0 0 0 0
0 0 0 0 0 1 0 0 0 0
0 0 0 0 0 3 1 0 0 0
0 0 0 0 0 8 6 0 0 0
0 0 0 0 0 7 1 0 0 0
0 0 0 0 9 7 4 0 0 0
0 0 0 0 6 9 9 0 0 0
0 0 0 7 9 9 3 0 0 0
0 6 0 2 4 4 3 1 1 0
8 8 0 4 4 9 4 5 4 0
END
131810
0
0
171
0 0 0 0 0 0 0 0 0 0
0 0 0 0 0 0 0 0 0 0
0 0 0 0 0 0 0 0 0 0
0 0 0 0 0 0 0 0 0 0
0 0 0 0 0 0 0 0 0 0
0 0 0 0 0 0 0 0 0 0
0 0 0 0 0 0 0 0 0 0
0 0 0 0 0 0 0 0 0 0
0 0 0 0 0 0 0 1 0 0
0 0 0 0 9 0 0 4 0 0
0 0 0 0 7 0 0 7 8 0
0 0 0 0 1 1 0 6 7 0
0 0 0 0 3 6 0 8 9 0
0 0 0 0 9 9 5 3 9 0
0 6 0 9 4 4 4 3 2 0
8 8 0 5 7 4 4 5 4 1
END
30
107865
0
8
172
0 0 0 0 0 0 0 0 0 0
0 0 0 0 0 0 0 0 0 0
0 0 0 0 0 0 0 0 0 0
0 0 0 0 0 0 0 0 0 0
0 0 0 0 0 0 0 0 0 0
0 0 0 0 0 9 0 0 0 0
0 0 0 0 0 7 0 0 0 0
0 0 0 0 0 1 0 0 0 0
0 0 0 0 0 3 1 0 0 0
0 0 0 0 0 8 6 0 0 0
0 0 0 0 0 7 1 0 0 0
0 0 0 6 9 7 4 0 0 0
0 0 0 7 6 9 9 0 0 0
0 0 0 7 9 9 3 0 0 0
0 6 0 2 4 4 3 1 1 0
8 8 3 4 4 9 4 5 4 0
END
131804
0
0
171
0 0 0 0 0 0 0 0 0 0
0 0 0 0 0 0 0 0 0 0
0 0 0 0 0 0 0 0 0 0
0 0 0 0 0 0 0 0 0 0
0 0 0 0 0 0 0 0 0 0
0 0 0 0 0 0 0 0 0 0
0 0 0 0 0 0 0 0 0 0
0 0 0 0 0 0 0 0 0 0
0 0 0 0 7 0 0 1 0 0
0 0 0 0 9 0 0 4 0 0
0 0 0 0 7 0 0 7 8 0
0 0 0 0 1 1 0 6 7 0
0 0 0 6 3 6 0 8 9 0
0 0 0 3 9 9 5 3 9 0
0 6 0 9 4 4 4 3 2 0
8 8 0 5 7 4 4 5 4 1
END
31
107838
60
0
172
0 0 0 0 0 0 0 0 0 0
0 0 0 0 0 0 0 0 0 0
0 0 0 0 0 0 0 0 0 0
0 0 0 0 0 0 0 0 0 0
0 0 0 0 0 0 0 0 0 0
0 0 0 0 0 9 0 0 0 0
0 0 0 0 0 7 0 0 0 0
0 0 0 0 0 1 0 0 0 0
0 0 0 0 0 3 1 0 0 0
0 0 0 0 0 8 6 0 0 0
0 0 0 0 0 7 1 0 0 0
0 0 0 6 9 7 4 0 0 0
0 9 0 7 6 9 9 0 0 0
0 5 0 7 9 9 3 0 0 0
0 6 1 2 4 4 3 1 1 0
8 8 3 4 4 9 4 5 4 0
END
131798
0
8
291
0 0 0 0 0 0 0 0 0 0
0 0 0 0 0 0 0 0 0 0
0 0 0 0 0 0 0 0 0 0
0 0 0 0 0 0 0 0 0 0
0 0 0 0 0 0 0 0 0 0
0 0 0 0 0 0 0 0 0 0
0 0 0 0 0 0 0 0 0 0
0 0 0 0 0 0 0 0 0 0
0 0 0 0 0 0 0 0 0 0
0 0 0 0 0 0 0 0 0 0
0 0 0 0 0 0 0 0 0 0
0 0 0 0 0 0 0 0 0 0
0 0 0 0 0 0 0 0 0 0
0 0 0 0 5 0 0 0 0 0
0 6 0 9 9 0 0 0 0 0
8 8 0 5 7 4 0 4 8 0
END
32
91817
50
0
172
0 0 0 0 0 0 0 0 0 0
0 0 0 0 0 0 0 0 0 0
0 0 0 0 0 0 0 0 0 0
0 0 0 0 0 0 0 0 0 0
0 0 0 0 0 11 0 0 0 0
0 0 0 0 0 9 0 0 0 0
0 0 0 0 0 7 0 0 0 0
0 0 0 0 0 1 11 0 0 0
0 0 0 0 0 3 1 0 0 0
0 0 0 0 0 8 6 0 0 0
0 9 0 11 11 7 1 0 0 0
0 11 9 6 9 7 4 0 0 0
0 9 8 7 6 9 9 0 0 0
0 5 11 7 9 9 3 11 11 0
11 6 1 2 4 4 3 1 1 0
8 8 3 4 4 9 4 5 4 11
END
116769
0
8
291
0 0 0 0 0 0 0 0 0 0
0 0 0 0 0 0 0 0 0 0
0 0 0 0 0 0 0 0 0 0
0 0 0 0 0 0 0 0 0 0
0 0 0 0 0 0 0 0 0 0
0 0 0 0 0 0 0 0 0 0
0 0 0 0 0 0 0 0 0 0
0 0 0 0 0 0 0 0 0 0
0 0 0 0 0 0 0 0 0 0
0 0 0 0 0 0 0 0 0 0
0 0 0 0 0 0 0 0 0 0
0 0 0 0 0 0 0 0 0 0
0 9 0 0 0 0 0 0 0 0
0 8 0 0 5 0 0 0 0 0
9 6 0 9 9 0 0 0 0 0
8 8 0 5 7 4 0 4 8 0
END
33
90810
40
0
172
0 0 0 0 0 0 0 0 0 0
0 0 0 0 0 0 0 0 0 0
0 0 0 0 0 0 0 0 0 0
0 0 0 0 0 11 0 0 0 0
0 0 0 0 0 11 0 0 0 0
0 0 0 0 0 9 0 0 0 0
0 0 0 0 0 7 11 0 0 0
0 0 0 0 0 1 11 0 0 0
0 0 0 0 0 3 1 0 0 0
0 11 0 11 11 8 6 0 0 0
0 9 11 11 11 7 1 1 0 0
0 11 9 6 9 7 4 2 3 0
0 9 8 7 6 9 9 11 11 0
11 5 11 7 9 9 3 11 11 0
11 6 1 2 4 4 3 1 1 11
8 8 3 4 4 9 4 5 4 11
END
116763
0
8
291
0 0 0 0 0 0 0 0 0 0
0 0 0 0 0 0 0 0 0 0
0 0 0 0 0 0 0 0 0 0
0 0 0 0 0 0 0 0 0 0
0 0 0 0 0 0 0 0 0 0
0 0 0 0 0 0 0 0 0 0
0 0 0 0 0 0 0 0 0 0
0 0 0 0 0 0 0 0 0 0
0 0 0 0 0 0 0 0 0 0
0 0 0 0 0 0 0 0 0 0
0 0 0 0 0 0 0 0 0 0
0 0 0 0 0 0 0 0 0 0
0 9 0 2 1 0 0 0 0 0
0 8 0 3 5 0 0 0 0 0
9 6 0 9 9 0 0 0 0 0
8 8 0 5 7 4 0 4 8 0
END
34
89804
29
8
174
0 0 0 0 0 0 0 0 0 0
0 0 0 0 0 0 0 0 0 0
0 0 0 0 0 11 0 0 0 0
0 0 0 0 0 11 0 0 0 0
0 0 0 0 0 11 0 0 0 0
0 0 0 0 0 9 0 0 0 0
0 0 0 0 0 7 11 0 0 0
0 0 0 0 0 1 11 0 0 0
0 11 0 11 11 3 11 0 0 0
0 11 11 11 11 8 1 11 8 0
0 9 11 11 11 7 1 1 11 0
0 11 9 6 9 7 4 2 3 0
11 9 8 7 6 9 9 11 11 0
11 5 11 7 9 9 3 11 11 11
11 6 1 2 4 4 3 1 1 11
8 8 3 4 4 9 4 5 4 11
END
116757
0
8
291
0 0 0 0 0 0 0 0 0 0
0 0 0 0 0 0 0 0 0 0
0 0 0 0 0 0 0 0 0 0
0 0 0 0 0 0 0 0 0 0
0 0 0 0 0 0 0 0 0 0
0 0 0 0 0 0 0 0 0 0
0 0 0 0 0 0 0 0 0 0
0 0 0 0 0 0 0 0 0 0
0 0 0 0 0 0 0 0 0 0
0 0 0 0 0 0 0 0 0 0
0 4 0 0 0 0 0 0 0 0
0 7 0 0 0 0 0 0 0 0
0 9 0 2 1 0 0 0 0 0
0 8 0 3 5 0 0 0 0 0
9 6 3 9 9 0 0 0 0 0
8 8 8 5 7 4 0 4 8 0
END
35
88797
19
8
174
0 0 0 0 0 0 0 0 0 0
0 0 0 0 0 11 0 0 0 0
0 0 0 0 0 11 0 0 0 0
0 0 0 0 0 11 0 0 0 0
0 0 0 0 0 11 0 0 0 0
0 0 0 5 0 9 11 0 0 0
0 0 0 6 8 7 11 0 0 0
0 11 0 11 11 1 11 0 0 0
0 11 11 11 11 3 11 11 11 0
0 11 11 11 11 8 1 11 8 0
0 9 11 11 11 7 1 1 11 0
11 11 9 6 9 7 4 2 3 0
11 9 8 7 6 9 9 11 11 11
11 5 11 7 9 9 3 11 11 11
11 6 1 2 4 4 3 1 1 11
8 8 3 4 4 9 4 5 4 11
END
116750
0
8
291
0 0 0 0 0 0 0 0 0 0
0 0 0 0 0 0 0 0 0 0
0 0 0 0 0 0 0 0 0 0
0 0 0 0 0 0 0 0 0 0
0 0 0 0 0 0 0 0 0 0
0 0 0 0 0 0 0 0 0 0
0 0 0 0 0 0 0 0 0 0
0 0 0 0 0 0 0 0 0 0
0 0 0 0 0 0 0 0 0 0
0 8 0 0 0 0 0 0 0 0
0 4 0 0 0 0 0 0 0 0
0 7 0 0 0 0 0 0 0 0
0 9 6 2 1 0 0 0 0 0
0 8 5 3 5 0 0 0 0 0
9 6 3 9 9 0 0 0 0 0
8 8 8 5 7 4 0 4 8 0
END
36
87787
9
8
174
0 0 0 0 0 11 0 0 0 0
0 0 0 0 0 11 0 0 0 0
0 0 0 0 0 11 0 0 0 0
0 0 0 0 0 11 0 0 0 0
0 0 0 11 0 11 11 0 0 0
0 0 0 5 11 9 11 0 4 0
0 11 0 6 8 7 11 4 2 0
0 11 11 11 11 1 11 11 11 0
0 11 11 11 11 3 11 11 11 0
0 11 11 11 11 8 1 11 8 0
11 9 11 11 11 7 1 1 11 0
11 11 9 6 9 7 4 2 3 11
11 9 8 7 6 9 9 11 11 11
11 5 11 7 9 9 3 11 11 11
11 6 1 2 4 4 3 1 1 11
8 8 3 4 4 9 4 5 4 11
END
116749
0
8
291
0 0 0 0 0 0 0 0 0 0
0 0 0 0 0 0 0 0 0 0
0 0 0 0 0 0 0 0 0 0
0 0 0 0 0 0 0 0 0 0
0 0 0 0 0 0 0 0 0 0
0 0 0 0 0 0 0 0 0 0
0 0 0 0 0 0 0 0 0 0
0 0 0 0 0 0 0 0 0 0
0 4 0 0 0 0 0 0 0 0
0 8 0 0 0 0 0 0 0 0
0 4 4 0 0 0 0 0 0 0
0 7 2 0 0 0 0 0 0 0
0 9 6 2 1 0 0 0 0 0
0 8 5 3 5 0 0 0 0 0
9 6 3 9 9 0 0 0 0 0
8 8 8 5 7 4 0 4 8 0
END
37
86780
9
8
174
0 0 0 0 0 11 0 0 0 0
0 0 0 0 0 11 0 0 0 0
0 0 0 4 0 11 0 0 0 0
0 0 0 4 1 11 0 0 0 0
0 0 0 11 4 11 11 0 0 0
0 0 0 5 11 9 11 0 4 0
0 11 0 6 8 7 11 4 2 0
0 11 11 11 11 1 11 11 11 0
0 11 11 11 11 3 11 11 11 0
0 11 11 11 11 8 1 11 8 0
11 9 11 11 11 7 1 1 11 0
11 11 9 6 9 7 4 2 3 11
11 9 8 7 6 9 9 11 11 11
11 5 11 7 9 9 3 11 11 11
11 6 1 2 4 4 3 1 1 11
8 8 3 4 4 9 4 5 4 11
END
116748
0
8
291
0 0 0 0 0 0 0 0 0 0
0 0 0 0 0 0 0 0 0 0
0 0 0 0 0 0 0 0 0 0
0 0 0 0 0 0 0 0 0 0
0 0 0 0 0 0 0 0 0 0
0 0 0 0 0 0 0 0 0 0
0 4 0 0 0 0 0 0 0 0
0 4 0 0 0 0 0 0 0 0
0 4 4 0 0 0 0 0 0 0
0 8 1 0 0 0 0 0 0 0
0 4 4 0 0 0 0 0 0 0
0 7 2 0 0 0 0 0 0 0
0 9 6 2 1 0 0 0 0 0
0 8 5 3 5 0 0 0 0 0
9 6 3 9 9 0 0 0 0 0
8 8 8 5 7 4 0 4 8 0
END
38
86564
9
8
174
0 0 0 0 0 11 0 0 0 0
0 0 0 0 0 11 0 0 0 0
0 0 0 4 0 11 0 0 0 0
0 0 0 4 1 11 0 0 0 0
0 0 0 11 4 11 11 0 0 0
0 5 6 5 11 9 11 0 4 0
0 11 2 6 8 7 11 4 2 0
0 11 11 11 11 1 11 11 11 0
0 11 11 11 11 3 11 11 11 0
0 11 11 11 11 8 1 11 8 0
11 9 11 11 11 7 1 1 11 0
11 11 9 6 9 7 4 2 3 11
11 9 8 7 6 9 9 11 11 11
11 5 11 7 9 9 3 11 11 11
11 6 1 2 4 4 3 1 1 11
8 8 3 4 4 9 4 5 4 11
END
116741
0
8
291
0 0 0 0 0 0 0 0 0 0
0 0 0 0 0 0 0 0 0 0
0 0 0 0 0 0 0 0 0 0
0 0 0 0 0 0 0 0 0 0
0 0 0 0 0 0 0 0 0 0
0 0 0 0 0 0 0 0 0 0
0 4 0 0 0 0 0 0 0 0
0 4 0 0 0 0 0 0 0 0
0 4 4 0 0 0 0 0 0 0
0 8 1 0 0 0 0 0 0 0
0 4 4 0 0 0 0 0 0 0
0 7 2 0 5 0 0 0 0 0
0 9 6 2 1 0 0 0 0 0
0 8 5 3 5 6 0 0 0 0
9 6 3 9 9 2 0 0 0 0
8 8 8 5 7 4 0 4 8 0
END
39
86519
9
8
174
0 0 0 0 0 11 0 0 0 0
0 0 0 0 0 11 0 0 0 0
0 0 0 4 0 11 0 0 0 0
0 4 5 4 1 11 0 0 0 0
0 8 1 11 4 11 11 0 0 0
0 5 6 5 11 9 11 0 4 0
0 11 2 6 8 7 11 4 2 0
0 11 11 11 11 1 11 11 11 0
0 11 11 11 11 3 11 11 11 0
0 11 11 11 11 8 1 11 8 0
11 9 11 11 11 7 1 1 11 0
11 11 9 6 9 7 4 2 3 11
11 9 8 7 6 9 9 11 11 11
11 5 11 7 9 9 3 11 11 11
11 6 1 2 4 4 3 1 1 11
8 8 3 4 4 9 4 5 4 11
END
116736
0
8
291
0 0 0 0 0 0 0 0 0 0
0 0 0 0 0 0 0 0 0 0
0 0 0 0 0 0 0 0 0 0
0 0 0 0 0 0 0 0 0 0
0 0 0 0 0 0 0 0 0 0
0 0 0 0 0 0 0 0 0 0
0 4 0 0 0 0 0 0 0 0
0 4 0 0 0 0 0 0 0 0
0 4 4 0 0 0 0 0 0 0
0 8 1 0 5 0 0 0 0 0
0 4 4 0 4 0 0 0 0 0
0 7 2 0 5 1 0 0 0 0
0 9 6 2 1 8 0 0 0 0
0 8 5 3 5 6 0 0 0 0
9 6 3 9 9 2 0 0 0 0
8 8 8 5 7 4 0 4 8 0
END
40
86508
0
16
241
0 0 0 0 0 0 0 0 0 0
0 0 0 0 0 0 0 0 0 0
0 0 0 0 0 0 0 0 0 0
0 0 0 0 0 0 0 0 0 0
0 0 0 4 0 0 0 0 0 0
0 4 0 11 1 0 0 0 0 0
0 11 1 5 11 0 0 0 8 0
0 11 11 11 8 11 0 0 4 0
0 11 11 11 11 11 0 4 2 0
0 11 11 11 11 11 11 11 11 0
11 9 11 11 11 11 11 11 11 5
11 11 9 6 11 11 11 11 11 11
11 9 8 7 6 9 11 11 11 11
11 5 11 7 9 8 11 11 11 11
11 6 1 2 4 4 4 1 1 11
8 8 3 4 4 9 4 5 4 11
END
116735
24
0
291
0 0 0 0 0 0 0 0 0 0
0 0 0 0 0 0 0 0 0 0
0 0 0 0 0 0 0 0 0 0
0 0 0 0 0 0 0 0 0 0
0 7 0 0 0 0 0 0 0 0
0 8 0 0 0 0 0 0 0 0
0 4 0 0 0 0 0 0 0 0
0 4 0 0 0 0 0 0 0 0
0 4 4 0 0 0 0 0 0 0
0 8 1 0 5 0 0 0 0 0
0 4 4 0 4 0 0 0 0 0
0 7 2 0 5 1 0 0 0 0
0 9 6 2 1 8 0 0 0 0
5 8 5 3 5 6 0 0 0 0
9 6 3 9 9 2 0 0 0 0
8 8 8 5 7 4 0 4 8 0
END
41
70469
0
16
241
0 0 0 0 0 0 0 0 0 0
0 0 0 0 0 0 0 0 0 0
0 0 0 0 0 0 0 0 0 0
0 0 0 9 0 0 0 0 0 0
0 0 5 4 0 0 0 0 0 0
0 4 1 11 1 0 0 0 0 0
0 11 1 5 11 0 0 0 8 0
0 11 11 11 8 11 0 0 4 0
0 11 11 11 11 11 0 4 2 0
0 11 11 11 11 11 11 11 11 0
11 9 11 11 11 11 11 11 11 5
11 11 9 6 11 11 11 11 11 11
11 9 8 7 6 9 11 11 11 11
11 5 11 7 9 8 11 11 11 11
11 6 1 2 4 4 4 1 1 11
8 8 3 4 4 9 4 5 4 11
END
101706
14
0
291
0 0 0 0 0 0 0 0 0 0
0 0 0 0 0 0 0 0 0 0
0 0 0 0 0 0 0 0 0 0
0 11 0 0 0 0 0 0 0 0
0 7 0 0 0 0 0 0 0 0
0 8 0 0 0 0 0 0 0 0
0 4 0 0 0 0 0 0 0 0
0 4 11 0 0 0 0 0 0 0
0 4 4 0 11 0 0 0 0 0
0 8 1 0 5 0 0 0 0 0
0 4 4 0 4 11 0 0 0 0
0 7 2 11 5 1 0 0 0 0
11 9 6 2 1 8 0 1 0 0
5 8 5 3 5 6 0 5 0 0
9 6 3 9 9 2 9 11 11 0
8 8 8 5 7 4 11 4 8 11
END
42
69465
0
16
241
0 0 0 0 0 0 0 0 0 0
0 0 0 0 0 0 0 0 0 0
0 0 0 0 0 0 0 0 0 0
0 0 0 9 0 0 0 0 0 0
0 0 5 4 0 0 0 0 0 0
0 4 1 11 1 0 0 0 0 0
0 11 1 5 11 6 0 0 8 0
0 11 11 11 8 11 5 0 4 0
0 11 11 11 11 11 8 4 2 0
0 11 11 11 11 11 11 11 11 0
11 9 11 11 11 11 11 11 11 5
11 11 9 6 11 11 11 11 11 11
11 9 8 7 6 9 11 11 11 11
11 5 11 7 9 8 11 11 11 11
11 6 1 2 4 4 4 1 1 11
8 8 3 4 4 9 4 5 4 11
END
101700
4
0
291
0 0 0 0 0 0 0 0 0 0
0 0 0 0 0 0 0 0 0 0
0 11 0 0 0 0 0 0 0 0
0 11 0 0 0 0 0 0 0 0
0 7 0 0 0 0 0 0 0 0
0 8 0 0 0 0 0 0 0 0
0 4 11 0 0 0 0 0 0 0
0 4 11 0 11 5 0 0 0 0
0 4 4 0 11 6 0 0 0 0
0 8 1 0 5 11 0 0 0 0
0 4 4 11 4 11 0 0 0 0
11 7 2 11 5 1 0 11 0 0
11 9 6 2 1 8 8 1 0 0
5 8 5 3 5 6 11 5 11 0
9 6 3 9 9 2 9 11 11 11
8 8 8 5 7 4 11 4 8 11
END
43
68455
0
16
241
0 0 0 0 0 0 0 0 0 0
0 0 0 0 0 0 0 0 0 0
0 0 0 0 0 0 0 0 0 0
0 0 0 9 0 0 0 0 0 0
0 0 5 4 0 0 0 0 0 0
0 4 1 11 1 2 9 0 0 0
0 11 1 5 11 6 6 0 8 0
0 11 11 11 8 11 5 0 4 0
0 11 11 11 11 11 8 4 2 0
0 11 11 11 11 11 11 11 11 0
11 9 11 11 11 11 11 11 11 5
11 11 9 6 11 11 11 11 11 11
11 9 8 7 6 9 11 11 11 11
11 5 11 7 9 8 11 11 11 11
11 6 1 2 4 4 4 1 1 11
8 8 3 4 4 9 4 5 4 11
END
101694
4
0
291
0 0 0 0 0 0 0 0 0 0
0 0 0 0 0 0 0 0 0 0
0 11 0 0 0 0 0 0 0 0
0 11 0 0 0 0 0 0 0 0
0 7 0 0 0 0 0 0 0 0
0 8 0 0 0 2 0 0 0 0
0 4 11 0 6 9 0 0 0 0
0 4 11 0 11 5 0 0 0 0
0 4 4 0 11 6 0 0 0 0
0 8 1 0 5 11 0 0 0 0
0 4 4 11 4 11 0 0 0 0
11 7 2 11 5 1 0 11 0 0
11 9 6 2 1 8 8 1 0 0
5 8 5 3 5 6 11 5 11 0
9 6 3 9 9 2 9 11 11 11
8 8 8 5 7 4 11 4 8 11
END
44
67446
56
0
241
0 0 0 0 0 0 0 0 0 0
0 0 0 0 0 0 0 0 0 0
0 0 0 0 0 0 0 0 0 0
0 0 0 9 0 7 0 0 0 0
0 0 5 4 4 5 0 0 0 0
0 4 1 11 1 2 9 0 0 0
0 11 1 5 11 6 6 0 8 0
0 11 11 11 8 11 5 0 4 0
0 11 11 11 11 11 8 4 2 0
0 11 11 11 11 11 11 11 11 0
11 9 11 11 11 11 11 11 11 5
11 11 9 6 11 11 11 11 11 11
11 9 8 7 6 9 11 11 11 11
11 5 11 7 9 8 11 11 11 11
11 6 1 2 4 4 4 1 1 11
8 8 3 4 4 9 4 5 4 11
END
101688
0
8
411
0 0 0 0 0 0 0 0 0 0
0 0 0 0 0 0 0 0 0 0
0 0 0 0 0 0 0 0 0 0
0 0 0 0 0 0 0 0 0 0
0 0 0 0 0 0 0 0 0 0
0 0 0 0 0 0 0 0 0 0
0 11 0 0 0 0 0 0 0 0
0 11 0 0 0 0 0 0 0 0
0 7 0 0 0 0 0 0 0 0
0 8 0 0 0 0 0 0 0 0
0 4 0 0 0 0 0 0 0 0
11 4 0 0 0 0 0 0 0 0
11 4 0 0 0 2 0 4 7 0
5 8 11 11 6 11 0 11 11 0
9 4 11 11 11 11 11 11 11 11
8 8 5 9 11 8 11 4 8 11
END
45
65914
46
0
241
0 0 0 0 0 0 0 0 0 0
0 0 0 0 0 0 0 0 0 0
0 0 0 11 0 11 0 0 0 0
0 0 11 9 11 7 0 0 3 0
0 11 5 4 4 5 11 0 9 0
0 4 1 11 1 2 9 0 11 0
0 11 1 5 11 6 6 0 8 0
0 11 11 11 8 11 5 11 4 0
0 11 11 11 11 11 8 4 2 4
11 11 11 11 11 11 11 11 11 11
11 9 11 11 11 11 11 11 11 5
11 11 9 6 11 11 11 11 11 11
11 9 8 7 6 9 11 11 11 11
11 5 11 7 9 8 11 11 11 11
11 6 1 2 4 4 4 1 1 11
8 8 3 4 4 9 4 5 4 11
END
86638
0
8
411
0 0 0 0 0 0 0 0 0 0
0 0 0 0 0 0 0 0 0 0
0 0 0 0 0 0 0 0 0 0
0 0 0 0 0 0 0 0 0 0
0 0 0 0 0 0 0 0 0 0
0 0 0 0 0 0 0 0 0 0
0 11 0 0 0 0 0 0 0 0
0 11 0 0 0 0 0 0 0 0
0 7 0 0 0 0 0 0 0 0
0 8 0 0 0 0 0 0 0 0
0 4 0 0 0 0 0 0 0 0
11 4 0 0 0 4 0 0 0 0
11 4 0 0 0 2 9 4 7 0
5 8 11 11 6 11 3 11 11 0
9 4 11 11 11 11 11 11 11 11
8 8 5 9 11 8 11 4 8 11
END
46
65894
36
0
241
0 0 0 0 0 0 0 0 0 0
0 0 0 11 0 11 0 0 0 0
0 0 11 11 11 11 9 0 11 0
0 11 11 9 11 7 11 0 3 0
0 11 5 4 4 5 11 2 9 0
0 4 1 11 1 2 9 9 11 0
0 11 1 5 11 6 6 11 8 0
0 11 11 11 8 11 5 11 4 11
11 11 11 11 11 11 8 4 2 4
11 11 11 11 11 11 11 11 11 11
11 9 11 11 11 11 11 11 11 5
11 11 9 6 11 11 11 11 11 11
11 9 8 7 6 9 11 11 11 11
11 5 11 7 9 8 11 11 11 11
11 6 1 2 4 4 4 1 1 11
8 8 3 4 4 9 4 5 4 11
END
86630
0
8
411
0 0 0 0 0 0 0 0 0 0
0 0 0 0 0 0 0 0 0 0
0 0 0 0 0 0 0 0 0 0
0 0 0 0 0 0 0 0 0 0
0 0 0 0 0 0 0 0 0 0
0 0 0 0 0 0 0 0 0 0
0 11 0 0 0 0 0 0 0 0
0 11 0 0 0 0 0 0 0 0
0 7 0 0 0 0 0 0 0 0
0 8 0 0 0 0 0 0 0 0
0 4 0 0 0 9 2 0 0 0
11 4 0 0 0 4 9 0 0 0
11 4 0 0 0 2 9 4 7 0
5 8 11 11 6 11 3 11 11 0
9 4 11 11 11 11 11 11 11 11
8 8 5 9 11 8 11 4 8 11
END
47
65888
25
8
243
0 0 0 11 0 11 0 0 0 0
0 0 11 11 11 11 0 0 7 0
0 11 11 11 11 11 11 0 11 0
0 11 11 9 11 7 11 11 11 0
0 11 5 4 4 5 11 2 9 0
0 4 1 11 1 2 9 9 11 0
0 11 1 5 11 6 6 11 8 11
11 11 11 11 8 11 5 11 4 11
11 11 11 11 11 11 8 4 2 4
11 11 11 11 11 11 11 11 11 11
11 9 11 11 11 11 11 11 11 5
11 11 9 6 11 11 11 11 11 11
11 9 8 7 6 9 11 11 11 11
11 5 11 7 9 8 11 11 11 11
11 6 1 2 4 4 4 1 1 11
8 8 3 4 4 9 4 5 4 11
END
86625
0
8
411
0 0 0 0 0 0 0 0 0 0
0 0 0 0 0 0 0 0 0 0
0 0 0 0 0 0 0 0 0 0
0 0 0 0 0 0 0 0 0 0
0 0 0 0 0 0 0 0 0 0
0 0 0 0 0 0 0 0 0 0
0 11 0 0 0 0 0 0 0 0
0 11 0 0 0 0 0 0 0 0
0 7 0 0 0 0 1 0 0 0
0 8 0 0 0 7 7 0 0 0
0 4 0 0 0 9 2 0 0 0
11 4 0 0 0 4 9 0 0 0
11 4 0 0 0 2 9 4 7 0
5 8 11 11 6 11 3 11 11 0
9 4 11 11 11 11 11 11 11 11
8 8 5 9 11 8 11 4 8 11
END
