2 4
1 0
END
6 7
1 9
END
9 1
0 9
END
6 4
0 4
END
8 5
1 0
END
7 2
2 0
END
3 3
4 0
END
0 5
8 4
END
8 1
0 7
END
2 8
7 0
END
0 6
8 5
END
0 6
6 9
END
0 6
2 1
END
1 8
0 1
END
0 6
2 2
END
6 1
8 0
END
4 9
2 0
END
8 6
0 5
END
0 6
1 8
END
9 1
7 8
END
3 7
0 6
END
9 9
6 0
END
0 7
5 5
END
8 2
0 4
END
7 7
0 9
END
4 1
0 6
END
0 4
2 5
END
0 8
6 7
END
2 8
1 3
END
0 4
9 1
END
0 8
3 7
END
5 1
9 0
END
7 1
2 0
END
3 4
0 5
END
0 1
9 8
END
0 7
3 9
END
3 3
0 4
END
5 7
0 9
END
1 4
2 0
END
1 7
0 9
END
6 2
4 0
END
0 9
2 6
END
0 6
1 4
END
4 1
3 1
END
7 2
0 5
END
4 2
0 7
END
2 3
6 0
END
0 2
8 5
END
4 5
5 7
END
0 4
2 5
END
0 6
3 1
END
5 3
8 3
END
1 6
0 7
END
0 9
1 8
END
0 6
4 2
END
0 8
9 5
END
0 5
6 1
END
4 8
8 1
END
3 1
2 0
END
7 3
4 0
END
0 9
1 7
END
1 1
0 1
END
2 6
0 8
END
9 9
9 0
END
6 7
0 4
END
1 3
0 7
END
8 4
3 0
END
1 5
0 1
END
0 3
2 2
END
0 7
9 1
END
4 8
8 0
END
0 5
7 7
END
5 5
3 0
END
4 8
6 0
END
8 5
2 6
END
2 7
0 3
END
3 6
5 0
END
3 3
0 2
END
0 3
3 2
END
0 7
4 6
END
8 1
0 2
END
0 2
4 1
END
6 3
0 1
END
7 3
0 4
END
0 7
2 7
END
2 4
6 0
END
4 1
1 0
END
5 8
4 0
END
8 7
0 4
END
0 8
3 3
END
4 8
0 2
END
4 8
9 0
END
8 4
3 0
END
0 5
4 6
END
6 7
6 5
END
0 8
9 3
END
5 3
3 0
END
5 2
6 4
END
2 4
0 8
END
0 7
4 5
END
1 5
8 0
END
4 8
7 0
END
7 7
0 6
END
0 5
1 1
END
2 3
0 4
END
8 5
0 1
END
0 3
9 3
END
6 8
3 0
END
6 9
8 0
END
2 5
1 0
END
0 2
5 3
END
1 5
0 8
END
4 9
3 5
END
6 6
5 9
END
7 9
9 0
END
4 4
5 7
END
0 6
8 2
END
2 3
0 1
END
3 2
9 8
END
1 9
1 0
END
1 1
3 0
END
4 7
0 6
END
6 8
2 7
END
7 9
3 7
END
2 8
3 0
END
2 5
9 0
END
4 6
6 0
END
1 6
6 0
END
0 8
8 8
END
0 8
5 2
END
3 1
0 4
END
4 1
3 9
END
5 4
0 2
END
0 9
8 9
END
6 9
6 2
END
6 6
0 5
END
0 6
3 2
END
5 9
1 4
END
4 5
2 9
END
4 3
0 9
END
7 7
5 0
END
9 6
5 1
END
0 3
7 7
END
8 5
7 5
END
4 2
1 0
END
7 6
0 9
END
0 1
6 8
END
0 7
8 6
END
0 4
1 3
END
5 9
9 0
END
8 6
6 0
END
9 9
2 1
END
2 1
0 2
END
6 9
1 5
END
8 3
6 0
END
5 2
3 0
END
8 7
0 6
END
4 9
6 9
END
8 5
0 1
END
4 1
0 9
END
8 1
8 0
END
1 1
0 6
END
4 5
4 4
END
0 1
4 2
END
7 5
2 3
END
4 8
0 3
END
0 9
7 2
END
0 1
2 7
END
5 5
7 0
END
4 9
0 1
END
7 3
6 0
END
7 3
7 0
END
5 7
1 0
END
7 9
9 9
END
0 4
5 3
END
1 6
8 5
END
2 7
0 5
END
2 6
2 3
END
3 4
6 0
END
0 8
9 6
END
3 9
7 0
END
7 4
0 9
END
0 5
2 7
END
8 5
4 0
END
1 4
4 0
END
9 6
9 5
END
9 8
0 5
END
0 8
2 4
END
0 5
3 5
END
5 1
1 0
END
4 1
1 0
END
0 9
5 2
END
0 7
5 3
END
7 6
6 2
END
5 7
5 7
END
2 2
9 0
END
4 7
1 9
END
6 9
0 7
END
0 6
1 4
END
7 2
8 0
END
0 1
8 8
END
0 5
6 4
END
6 8
5 0
END
7 5
9 0
END
6 2
0 5
END
0 5
8 8
END
3 6
4 0
END
6 4
0 7
END
4 3
4 0
END
9 6
0 4
END
4 5
6 0
END
5 9
0 2
END
7 5
0 4
END
4 2
0 8
END
9 8
1 4
END
0 4
8 4
END
0 2
1 9
END
5 7
0 2
END
8 8
0 6
END
3 2
9 1
END
8 9
5 0
END
0 2
4 5
END
3 1
0 9
END
9 8
0 4
END
7 3
0 2
END
5 7
0 8
END
2 7
4 8
END
5 1
5 9
END
4 7
0 9
END
2 6
0 8
END
0 4
9 3
END
6 4
5 9
END
5 7
0 6
END
8 3
4 6
END
0 3
9 4
END
0 9
3 1
END
6 6
0 3
END
0 2
2 8
END
6 3
0 4
END
1 8
0 4
END
1 5
6 0
END
0 3
8 9
END
0 9
2 8
END
8 7
4 4
END
3 6
9 0
END
7 3
3 9
END
9 9
8 6
END
0 4
3 5
END
7 7
0 8
END
8 9
5 1
END
9 1
0 2
END
0 5
4 7
END
0 1
5 2
END
8 9
3 0
END
0 6
8 3
END
0 2
5 5
END
9 2
0 7
END
0 5
4 6
END
5 8
9 0
END
0 8
2 4
END
3 5
0 7
END
0 7
9 1
END
2 3
9 0
END
9 7
0 2
END
7 7
3 0
END
3 4
1 2
END
0 7
5 1
END
0 8
8 3
END
2 7
0 6
END
7 1
0 1
END
0 4
2 5
END
8 1
2 5
END
6 3
7 4
END
1 3
0 1
END
6 5
0 7
END
0 8
9 6
END
2 1
0 6
END
3 2
6 0
END
1 6
9 7
END
7 3
0 8
END
8 1
8 8
END
2 2
3 0
END
2 1
6 0
END
6 4
0 3
END
2 7
0 4
END
9 2
5 6
END
9 9
1 9
END
3 4
8 0
END
3 4
7 0
END
0 7
6 2
END
1 1
7 4
END
4 9
9 4
END
8 1
0 2
END
8 7
3 0
END
3 2
4 0
END
5 7
0 6
END
6 4
4 1
END
0 9
7 3
END
6 7
6 5
END
9 3
1 2
END
4 7
9 0
END
4 6
3 0
END
0 5
2 3
END
0 3
4 7
END
0 2
6 7
END
0 9
4 4
END
9 4
0 2
END
5 5
1 0
END
5 7
4 0
END
8 9
0 7
END
3 2
2 0
END
4 3
0 8
END
1 7
7 0
END
0 3
4 3
END
5 4
0 8
END
3 5
0 9
END
0 3
2 9
END
4 4
9 0
END
0 1
9 2
END
2 7
7 6
END
1 5
3 7
END
9 2
5 8
END
7 8
0 1
END
0 3
5 8
END
5 9
3 0
END
0 2
1 2
END
3 7
0 8
END
0 7
6 6
END
2 4
3 7
END
5 5
3 0
END
1 3
2 0
END
2 5
5 0
END
9 6
4 0
END
8 4
6 0
END
0 7
7 6
END
0 8
3 8
END
8 8
1 0
END
0 7
2 6
END
7 6
3 0
END
0 9
1 9
END
9 2
5 1
END
5 9
4 0
END
3 8
7 7
END
8 5
6 0
END
2 8
0 8
END
9 2
8 0
END
5 9
1 0
END
8 1
0 1
END
0 3
4 1
END
6 3
3 9
END
6 2
0 8
END
1 2
5 6
END
0 8
6 9
END
2 5
9 1
END
0 1
9 7
END
8 3
6 1
END
0 3
4 5
END
0 5
3 9
END
8 9
4 0
END
5 2
2 0
END
1 6
2 0
END
0 3
1 8
END
8 6
3 5
END
0 2
6 2
END
3 8
0 3
END
0 5
4 9
END
9 8
0 8
END
0 1
6 9
END
7 8
9 4
END
6 9
4 6
END
0 9
5 7
END
7 3
0 2
END
4 5
3 0
END
0 9
5 7
END
0 5
5 8
END
0 6
7 3
END
2 5
2 0
END
9 9
6 0
END
0 6
3 9
END
1 5
6 0
END
4 5
2 0
END
0 7
5 9
END
6 7
8 0
END
5 2
0 9
END
5 4
1 6
END
0 4
1 5
END
8 3
0 7
END
0 5
4 2
END
6 8
1 0
END
9 5
6 3
END
3 7
9 5
END
1 7
9 0
END
6 1
0 5
END
2 2
8 0
END
3 5
7 3
END
3 1
5 1
END
0 3
8 7
END
7 3
0 6
END
0 7
3 2
END
8 4
1 3
END
4 5
9 0
END
5 5
9 9
END
9 4
2 8
END
8 3
4 0
END
0 7
1 8
END
8 8
0 7
END
0 1
1 1
END
3 7
0 6
END
0 3
1 4
END
1 8
7 0
END
6 7
1 1
END
0 5
5 4
END
1 2
0 7
END
1 2
5 7
END
0 6
9 4
END
1 7
6 4
END
4 5
4 0
END
8 9
6 0
END
0 7
5 2
END
9 4
0 1
END
0 8
2 7
END
5 4
0 3
END
0 4
9 8
END
0 4
1 8
END
5 1
9 0
END
3 4
5 0
END
1 4
0 7
END
2 6
0 7
END
6 5
0 3
END
0 2
3 9
END
4 4
3 0
END
8 9
2 0
END
0 8
3 2
END
3 4
0 1
END
6 3
3 9
END
1 3
0 4
END
6 9
2 3
END
8 1
0 8
END
6 4
8 0
END
6 4
7 1
END
6 8
0 9
END
0 3
7 2
END
3 8
3 0
END
5 7
0 6
END
6 6
9 0
END
0 2
1 3
END
2 4
0 5
END
6 3
5 0
END
0 5
3 8
END
0 3
6 1
END
1 9
2 0
END
3 9
0 8
END
8 2
7 6
END
2 8
2 0
END
1 7
4 0
END
0 9
3 7
END
7 2
9 0
END
1 8
0 3
END
0 8
5 8
END
8 6
6 0
END
0 7
5 6
END
0 1
9 3
END
0 5
3 7
END
0 6
6 3
END
0 7
1 9
END
8 8
0 8
END
2 6
9 0
END
8 2
9 6
END
0 7
4 1
END
0 8
7 7
END
9 5
4 2
END
0 8
7 6
END
4 6
7 0
END
4 1
9 4
END
6 2
0 5
END
3 7
5 0
END
4 2
5 0
END
1 4
6 0
END
1 6
2 1
END
5 7
0 9
END
5 8
2 3
END
5 2
4 0
END
1 9
4 6
END
4 9
0 4
END
2 8
1 5
END
0 2
3 3
END
0 5
2 3
END
8 2
0 2
END
0 2
1 6
END
9 3
3 0
END
7 7
0 7
END
6 6
0 2
END
0 5
2 1
END
6 3
9 0
END
2 7
8 4
END
6 1
0 8
END
0 9
1 2
END
6 7
6 0
END
2 3
9 9
END
7 7
0 2
END
0
180000
0
0
0
0 0 0 0 0 0 0 0 0 0
0 0 0 0 0 0 0 0 0 0
0 0 0 0 0 0 0 0 0 0
0 0 0 0 0 0 0 0 0 0
0 0 0 0 0 0 0 0 0 0
0 0 0 0 0 0 0 0 0 0
0 0 0 0 0 0 0 0 0 0
0 0 0 0 0 0 0 0 0 0
0 0 0 0 0 0 0 0 0 0
0 0 0 0 0 0 0 0 0 0
0 0 0 0 0 0 0 0 0 0
0 0 0 0 0 0 0 0 0 0
0 0 0 0 0 0 0 0 0 0
0 0 0 0 0 0 0 0 0 0
0 0 0 0 0 0 0 0 0 0
0 0 0 0 0 0 0 0 0 0
END
180000
0
0
0
0 0 0 0 0 0 0 0 0 0
0 0 0 0 0 0 0 0 0 0
0 0 0 0 0 0 0 0 0 0
0 0 0 0 0 0 0 0 0 0
0 0 0 0 0 0 0 0 0 0
0 0 0 0 0 0 0 0 0 0
0 0 0 0 0 0 0 0 0 0
0 0 0 0 0 0 0 0 0 0
0 0 0 0 0 0 0 0 0 0
0 0 0 0 0 0 0 0 0 0
0 0 0 0 0 0 0 0 0 0
0 0 0 0 0 0 0 0 0 0
0 0 0 0 0 0 0 0 0 0
0 0 0 0 0 0 0 0 0 0
0 0 0 0 0 0 0 0 0 0
0 0 0 0 0 0 0 0 0 0
END
1
161907
0
0
0
0 0 0 0 0 0 0 0 0 0
0 0 0 0 0 0 0 0 0 0
0 0 0 0 0 0 0 0 0 0
0 0 0 0 0 0 0 0 0 0
0 0 0 0 0 0 0 0 0 0
0 0 0 0 0 0 0 0 0 0
0 0 0 0 0 0 0 0 0 0
0 0 0 0 0 0 0 0 0 0
0 0 0 0 0 0 0 0 0 0
0 0 0 0 0 0 0 0 0 0
0 0 0 0 0 0 0 0 0 0
0 0 0 0 0 0 0 0 0 0
0 0 0 0 0 0 0 0 0 0
0 0 0 0 0 0 0 0 0 0
0 0 0 0 0 2 0 0 0 0
0 0 0 0 0 1 4 0 0 0
END
177775
0
0
0
0 0 0 0 0 0 0 0 0 0
0 0 0 0 0 0 0 0 0 0
0 0 0 0 0 0 0 0 0 0
0 0 0 0 0 0 0 0 0 0
0 0 0 0 0 0 0 0 0 0
0 0 0 0 0 0 0 0 0 0
0 0 0 0 0 0 0 0 0 0
0 0 0 0 0 0 0 0 0 0
0 0 0 0 0 0 0 0 0 0
0 0 0 0 0 0 0 0 0 0
0 0 0 0 0 0 0 0 0 0
0 0 0 0 0 0 0 0 0 0
0 0 0 0 0 0 0 0 0 0
0 0 0 0 0 0 0 0 0 0
0 0 0 0 0 4 0 0 0 0
0 0 0 0 0 2 1 0 0 0
END
2
161859
0
0
0
0 0 0 0 0 0 0 0 0 0
0 0 0 0 0 0 0 0 0 0
0 0 0 0 0 0 0 0 0 0
0 0 0 0 0 0 0 0 0 0
0 0 0 0 0 0 0 0 0 0
0 0 0 0 0 0 0 0 0 0
0 0 0 0 0 0 0 0 0 0
0 0 0 0 0 0 0 0 0 0
0 0 0 0 0 0 0 0 0 0
0 0 0 0 0 0 0 0 0 0
0 0 0 0 0 0 0 0 0 0
0 0 0 0 0 0 0 0 0 0
0 0 0 0 0 7 0 0 0 0
0 0 0 0 0 9 0 0 0 0
0 0 0 0 6 2 0 0 0 0
0 0 0 0 1 1 4 0 0 0
END
175369
0
8
1
0 0 0 0 0 0 0 0 0 0
0 0 0 0 0 0 0 0 0 0
0 0 0 0 0 0 0 0 0 0
0 0 0 0 0 0 0 0 0 0
0 0 0 0 0 0 0 0 0 0
0 0 0 0 0 0 0 0 0 0
0 0 0 0 0 0 0 0 0 0
0 0 0 0 0 0 0 0 0 0
0 0 0 0 0 0 0 0 0 0
0 0 0 0 0 0 0 0 0 0
0 0 0 0 0 0 0 0 0 0
0 0 0 0 0 0 0 0 0 0
0 0 0 0 0 0 0 0 0 0
0 0 0 0 0 0 0 0 0 0
0 0 6 0 0 4 0 0 0 0
0 0 7 0 0 2 1 0 0 0
END
3
161811
0
8
1
0 0 0 0 0 0 0 0 0 0
0 0 0 0 0 0 0 0 0 0
0 0 0 0 0 0 0 0 0 0
0 0 0 0 0 0 0 0 0 0
0 0 0 0 0 0 0 0 0 0
0 0 0 0 0 0 0 0 0 0
0 0 0 0 0 0 0 0 0 0
0 0 0 0 0 0 0 0 0 0
0 0 0 0 0 0 0 0 0 0
0 0 0 0 0 0 0 0 0 0
0 0 0 0 0 0 0 0 0 0
0 0 0 0 0 0 0 0 0 0
0 0 0 0 0 7 0 0 0 0
0 0 0 0 9 9 0 0 0 0
0 0 0 0 6 2 0 0 0 0
0 0 0 0 1 1 4 0 0 0
END
172795
0
16
2
0 0 0 0 0 0 0 0 0 0
0 0 0 0 0 0 0 0 0 0
0 0 0 0 0 0 0 0 0 0
0 0 0 0 0 0 0 0 0 0
0 0 0 0 0 0 0 0 0 0
0 0 0 0 0 0 0 0 0 0
0 0 0 0 0 0 0 0 0 0
0 0 0 0 0 0 0 0 0 0
0 0 0 0 0 0 0 0 0 0
0 0 0 0 0 0 0 0 0 0
0 0 0 0 0 0 0 0 0 0
0 0 0 0 0 0 0 0 0 0
0 0 0 0 0 0 0 0 0 0
0 0 9 0 0 0 0 0 0 0
0 0 6 0 0 4 0 0 0 0
0 0 7 0 0 2 1 0 0 0
END
4
161765
0
8
1
0 0 0 0 0 0 0 0 0 0
0 0 0 0 0 0 0 0 0 0
0 0 0 0 0 0 0 0 0 0
0 0 0 0 0 0 0 0 0 0
0 0 0 0 0 0 0 0 0 0
0 0 0 0 0 0 0 0 0 0
0 0 0 0 0 0 0 0 0 0
0 0 0 0 0 0 0 0 0 0
0 0 0 0 0 0 0 0 0 0
0 0 0 0 0 0 0 0 0 0
0 0 0 0 0 0 0 0 0 0
0 0 0 0 4 0 0 0 0 0
0 0 0 0 4 7 0 0 0 0
0 0 0 0 9 9 0 0 0 0
0 0 0 0 6 2 0 0 0 0
0 0 0 6 1 1 4 0 0 0
END
169976
0
16
2
0 0 0 0 0 0 0 0 0 0
0 0 0 0 0 0 0 0 0 0
0 0 0 0 0 0 0 0 0 0
0 0 0 0 0 0 0 0 0 0
0 0 0 0 0 0 0 0 0 0
0 0 0 0 0 0 0 0 0 0
0 0 0 0 0 0 0 0 0 0
0 0 0 0 0 0 0 0 0 0
0 0 0 0 0 0 0 0 0 0
0 0 0 0 0 0 0 0 0 0
0 0 0 0 0 0 0 0 0 0
0 0 4 0 0 0 0 0 0 0
0 0 4 0 0 0 0 0 0 0
0 0 9 0 0 0 0 0 0 0
0 0 6 0 0 4 0 0 0 0
0 0 7 6 0 2 1 0 0 0
END
5
161718
0
8
1
0 0 0 0 0 0 0 0 0 0
0 0 0 0 0 0 0 0 0 0
0 0 0 0 0 0 0 0 0 0
0 0 0 0 0 0 0 0 0 0
0 0 0 0 0 0 0 0 0 0
0 0 0 0 0 0 0 0 0 0
0 0 0 0 0 0 0 0 0 0
0 0 0 0 0 0 0 0 0 0
0 0 0 0 0 0 0 0 0 0
0 0 0 0 0 0 0 0 0 0
0 0 0 0 5 1 0 0 0 0
0 0 0 0 4 8 0 0 0 0
0 0 0 0 4 7 0 0 0 0
0 0 0 0 9 9 0 0 0 0
0 0 0 0 6 2 0 0 0 0
0 0 0 6 1 1 4 0 0 0
END
167032
0
16
2
0 0 0 0 0 0 0 0 0 0
0 0 0 0 0 0 0 0 0 0
0 0 0 0 0 0 0 0 0 0
0 0 0 0 0 0 0 0 0 0
0 0 0 0 0 0 0 0 0 0
0 0 0 0 0 0 0 0 0 0
0 0 0 0 0 0 0 0 0 0
0 0 0 0 0 0 0 0 0 0
0 0 0 0 0 0 0 0 0 0
0 0 0 0 0 0 0 0 0 0
0 0 0 0 0 0 0 0 0 0
0 0 4 0 0 0 0 0 0 0
0 0 4 0 0 0 0 0 0 0
0 0 9 5 0 0 0 0 0 0
0 0 6 8 0 4 0 0 0 0
0 0 7 6 1 2 1 0 0 0
END
6
161671
0
8
1
0 0 0 0 0 0 0 0 0 0
0 0 0 0 0 0 0 0 0 0
0 0 0 0 0 0 0 0 0 0
0 0 0 0 0 0 0 0 0 0
0 0 0 0 0 0 0 0 0 0
0 0 0 0 0 0 0 0 0 0
0 0 0 0 0 0 0 0 0 0
0 0 0 0 0 0 0 0 0 0
0 0 0 0 0 0 0 0 0 0
0 0 0 0 0 2 0 0 0 0
0 0 0 0 5 1 0 0 0 0
0 0 0 0 4 8 0 0 0 0
0 0 0 0 4 7 0 0 0 0
0 0 0 0 9 9 2 0 0 0
0 0 0 0 6 2 7 0 0 0
0 0 0 6 1 1 4 0 0 0
END
163813
0
16
2
0 0 0 0 0 0 0 0 0 0
0 0 0 0 0 0 0 0 0 0
0 0 0 0 0 0 0 0 0 0
0 0 0 0 0 0 0 0 0 0
0 0 0 0 0 0 0 0 0 0
0 0 0 0 0 0 0 0 0 0
0 0 0 0 0 0 0 0 0 0
0 0 0 0 0 0 0 0 0 0
0 0 0 0 0 0 0 0 0 0
0 0 2 0 0 0 0 0 0 0
0 0 7 0 0 0 0 0 0 0
0 0 4 0 0 0 0 0 0 0
0 0 4 0 0 0 0 0 0 0
0 0 9 5 0 0 0 0 0 0
0 0 6 8 0 4 0 0 0 0
0 2 7 6 1 2 1 0 0 0
END
7
161624
0
8
1
0 0 0 0 0 0 0 0 0 0
0 0 0 0 0 0 0 0 0 0
0 0 0 0 0 0 0 0 0 0
0 0 0 0 0 0 0 0 0 0
0 0 0 0 0 0 0 0 0 0
0 0 0 0 0 0 0 0 0 0
0 0 0 0 0 0 0 0 0 0
0 0 0 0 0 3 0 0 0 0
0 0 0 0 0 3 0 0 0 0
0 0 0 0 4 2 0 0 0 0
0 0 0 0 5 1 0 0 0 0
0 0 0 0 4 8 0 0 0 0
0 0 0 0 4 7 0 0 0 0
0 0 0 0 9 9 2 0 0 0
0 0 0 0 6 2 7 0 0 0
0 0 0 6 1 1 4 0 0 0
END
160369
0
16
2
0 0 0 0 0 0 0 0 0 0
0 0 0 0 0 0 0 0 0 0
0 0 0 0 0 0 0 0 0 0
0 0 0 0 0 0 0 0 0 0
0 0 0 0 0 0 0 0 0 0
0 0 0 0 0 0 0 0 0 0
0 0 0 0 0 0 0 0 0 0
0 0 0 0 0 0 0 0 0 0
0 0 0 0 0 0 0 0 0 0
0 0 2 0 0 0 0 0 0 0
0 0 7 0 0 0 0 0 0 0
0 0 4 0 0 0 0 0 0 0
0 0 4 3 0 0 0 0 0 0
0 0 9 5 4 0 0 0 0 0
0 0 6 8 3 4 0 0 0 0
0 2 7 6 1 2 1 0 0 0
END
8
161574
0
8
1
0 0 0 0 0 0 0 0 0 0
0 0 0 0 0 0 0 0 0 0
0 0 0 0 0 0 0 0 0 0
0 0 0 0 0 0 0 0 0 0
0 0 0 0 0 0 0 0 0 0
0 0 0 0 0 0 0 0 0 0
0 0 0 0 0 5 0 0 0 0
0 0 0 0 8 3 0 0 0 0
0 0 0 0 4 3 0 0 0 0
0 0 0 0 4 2 0 0 0 0
0 0 0 0 5 1 0 0 0 0
0 0 0 0 4 8 0 0 0 0
0 0 0 0 4 7 0 0 0 0
0 0 0 0 9 9 2 0 0 0
0 0 0 0 6 2 7 0 0 0
0 0 0 6 1 1 4 0 0 0
END
156748
0
16
2
0 0 0 0 0 0 0 0 0 0
0 0 0 0 0 0 0 0 0 0
0 0 0 0 0 0 0 0 0 0
0 0 0 0 0 0 0 0 0 0
0 0 0 0 0 0 0 0 0 0
0 0 0 0 0 0 0 0 0 0
0 0 0 0 0 0 0 0 0 0
0 0 0 0 0 0 0 0 0 0
0 0 0 0 0 0 0 0 0 0
0 0 2 0 0 0 0 0 0 0
0 0 7 0 0 0 0 0 0 0
0 0 4 0 0 0 0 0 0 0
0 0 4 3 0 0 0 0 0 0
0 0 9 5 4 0 4 0 0 0
0 0 6 8 3 4 5 0 0 0
0 2 7 6 1 2 1 8 0 0
END
9
161525
0
8
1
0 0 0 0 0 0 0 0 0 0
0 0 0 0 0 0 0 0 0 0
0 0 0 0 0 0 0 0 0 0
0 0 0 0 0 0 0 0 0 0
0 0 0 0 0 0 0 0 0 0
0 0 0 0 0 0 0 0 0 0
0 0 0 0 0 5 0 0 0 0
0 0 0 0 8 3 0 0 0 0
0 0 0 0 4 3 0 0 0 0
0 0 0 0 4 2 0 0 0 0
0 0 0 0 5 1 0 0 0 0
0 0 0 0 4 8 0 0 0 0
0 0 0 0 4 7 0 0 0 0
0 0 0 0 9 9 2 0 0 0
0 1 0 0 6 2 7 0 0 0
8 7 0 6 1 1 4 0 0 0
END
152977
0
16
2
0 0 0 0 0 0 0 0 0 0
0 0 0 0 0 0 0 0 0 0
0 0 0 0 0 0 0 0 0 0
0 0 0 0 0 0 0 0 0 0
0 0 0 0 0 0 0 0 0 0
0 0 0 0 0 0 0 0 0 0
0 0 0 0 0 0 0 0 0 0
0 0 0 0 0 0 0 0 0 0
0 0 0 0 0 0 0 0 0 0
0 0 2 0 0 0 0 0 0 0
0 0 7 7 0 0 0 0 0 0
0 0 4 1 0 0 0 0 0 0
0 0 4 3 8 0 0 0 0 0
0 0 9 5 4 0 4 0 0 0
0 0 6 8 3 4 5 0 0 0
0 2 7 6 1 2 1 8 0 0
END
10
161478
0
8
1
0 0 0 0 0 0 0 0 0 0
0 0 0 0 0 0 0 0 0 0
0 0 0 0 0 0 0 0 0 0
0 0 0 0 0 0 0 0 0 0
0 0 0 0 0 0 0 0 0 0
0 0 0 0 0 0 0 0 0 0
0 0 0 0 8 5 0 0 0 0
0 0 0 0 8 3 0 0 0 0
0 0 0 0 4 3 0 0 0 0
0 0 0 0 4 2 0 0 0 0
0 0 0 0 5 1 0 0 0 0
0 0 0 0 4 8 0 0 0 0
0 0 0 0 4 7 0 0 0 0
0 0 0 2 9 9 2 0 0 0
0 1 0 7 6 2 7 0 0 0
8 7 0 6 1 1 4 0 0 0
END
148957
0
24
3
0 0 0 0 0 0 0 0 0 0
0 0 0 0 0 0 0 0 0 0
0 0 0 0 0 0 0 0 0 0
0 0 0 0 0 0 0 0 0 0
0 0 0 0 0 0 0 0 0 0
0 0 0 0 0 0 0 0 0 0
0 0 0 0 0 0 0 0 0 0
0 0 0 0 0 0 0 0 0 0
0 0 0 0 0 0 0 0 0 0
0 0 2 0 0 0 0 0 0 0
0 0 7 7 0 0 0 0 0 0
0 0 4 1 0 0 0 0 0 0
0 0 4 3 8 0 8 0 0 0
0 0 9 5 4 0 4 0 0 0
0 0 6 8 3 4 5 0 0 0
0 2 7 6 1 2 1 7 0 0
END
11
161431
0
8
1
0 0 0 0 0 0 0 0 0 0
0 0 0 0 0 0 0 0 0 0
0 0 0 0 0 0 0 0 0 0
0 0 0 0 0 0 0 0 0 0
0 0 0 0 0 5 0 0 0 0
0 0 0 0 6 8 0 0 0 0
0 0 0 0 8 5 0 0 0 0
0 0 0 0 8 3 0 0 0 0
0 0 0 0 4 3 0 0 0 0
0 0 0 0 4 2 0 0 0 0
0 0 0 0 5 1 0 0 0 0
0 0 0 0 4 8 0 0 0 0
0 0 0 0 4 7 0 0 0 0
0 0 0 2 9 9 2 0 0 0
0 1 0 7 6 2 7 0 0 0
8 7 0 6 1 1 4 0 0 0
END
144814
0
24
3
0 0 0 0 0 0 0 0 0 0
0 0 0 0 0 0 0 0 0 0
0 0 0 0 0 0 0 0 0 0
0 0 0 0 0 0 0 0 0 0
0 0 0 0 0 0 0 0 0 0
0 0 0 0 0 0 0 0 0 0
0 0 0 0 0 0 0 0 0 0
0 0 0 0 0 0 0 0 0 0
0 0 0 0 0 0 0 0 0 0
0 0 2 0 0 0 0 0 0 0
0 0 7 7 0 0 6 0 0 0
0 0 4 1 0 0 5 0 0 0
0 0 4 3 8 0 8 0 0 0
0 0 9 5 4 8 4 0 0 0
0 0 6 8 3 4 5 0 0 0
0 2 7 6 1 2 1 7 0 0
END
12
161384
0
8
1
0 0 0 0 0 0 0 0 0 0
0 0 0 0 0 0 0 0 0 0
0 0 0 0 0 6 0 0 0 0
0 0 0 0 0 9 0 0 0 0
0 0 0 0 6 5 0 0 0 0
0 0 0 0 6 8 0 0 0 0
0 0 0 0 8 5 0 0 0 0
0 0 0 0 8 3 0 0 0 0
0 0 0 0 4 3 0 0 0 0
0 0 0 0 4 2 0 0 0 0
0 0 0 0 5 1 0 0 0 0
0 0 0 0 4 8 0 0 0 0
0 0 0 0 4 7 0 0 0 0
0 0 0 2 9 9 2 0 0 0
0 1 0 7 6 2 7 0 0 0
8 7 0 6 1 1 4 0 0 0
END
141010
0
24
3
0 0 0 0 0 0 0 0 0 0
0 0 0 0 0 0 0 0 0 0
0 0 0 0 0 0 0 0 0 0
0 0 0 0 0 0 0 0 0 0
0 0 0 0 0 0 0 0 0 0
0 0 0 0 0 0 0 0 0 0
0 0 0 0 0 0 0 0 0 0
0 0 0 0 0 0 0 0 0 0
0 0 0 0 0 0 0 0 0 0
0 0 2 0 0 0 6 0 0 0
0 0 7 7 0 0 6 0 0 0
0 0 4 1 0 6 5 0 0 0
0 0 4 3 8 9 8 0 0 0
0 0 9 5 4 8 4 0 0 0
0 0 6 8 3 4 5 0 0 0
0 2 7 6 1 2 1 7 0 0
END
13
143300
0
8
1
0 0 0 0 0 0 0 0 0 0
0 0 0 0 0 0 0 0 0 0
0 0 0 0 0 6 0 0 0 0
0 0 0 0 0 9 0 0 0 0
0 0 0 0 6 5 0 0 0 0
0 0 0 0 6 8 0 0 0 0
0 0 0 0 8 5 0 0 0 0
0 0 0 0 8 3 0 0 0 0
0 0 0 0 4 3 0 0 0 0
0 0 0 0 4 2 0 0 0 0
0 0 0 0 5 1 0 0 0 0
0 0 0 0 4 8 0 0 0 0
0 0 0 0 4 7 0 0 0 0
0 0 0 2 9 9 2 0 0 0
0 1 0 7 6 2 7 0 1 0
8 7 0 6 1 1 4 0 6 2
END
137454
0
24
3
0 0 0 0 0 0 0 0 0 0
0 0 0 0 0 0 0 0 0 0
0 0 0 0 0 0 0 0 0 0
0 0 0 0 0 0 0 0 0 0
0 0 0 0 0 0 0 0 0 0
0 0 0 0 0 0 0 0 0 0
0 0 0 0 0 0 0 0 0 0
0 0 0 0 0 0 0 0 0 0
0 0 0 0 0 0 6 0 0 0
0 0 2 0 0 0 6 0 0 0
0 0 7 7 0 0 6 0 0 0
0 0 4 1 0 6 5 0 0 0
0 0 4 3 8 9 8 0 0 0
0 0 9 5 4 8 4 1 0 0
0 0 6 8 3 4 5 2 0 0
0 2 7 6 1 2 1 7 0 0
END
14
143252
0
8
1
0 0 0 0 0 0 0 0 0 0
0 0 0 0 0 0 0 0 0 0
0 0 0 0 0 6 0 0 0 0
0 0 0 0 0 9 0 0 0 0
0 0 0 0 6 5 0 0 0 0
0 0 0 0 6 8 0 0 0 0
0 0 0 0 8 5 0 0 0 0
0 0 0 0 8 3 0 0 0 0
0 0 0 0 4 3 0 0 0 0
0 0 0 0 4 2 0 0 0 0
0 0 0 0 5 1 0 0 0 0
0 0 0 0 4 8 0 0 0 0
0 0 0 0 4 7 0 0 0 0
0 0 0 2 9 9 2 0 1 0
0 1 0 7 6 2 7 1 1 0
8 7 0 6 1 1 4 8 6 2
END
134283
0
24
3
0 0 0 0 0 0 0 0 0 0
0 0 0 0 0 0 0 0 0 0
0 0 0 0 0 0 0 0 0 0
0 0 0 0 0 0 0 0 0 0
0 0 0 0 0 0 0 0 0 0
0 0 0 0 0 0 0 0 0 0
0 0 0 0 0 0 0 0 0 0
0 0 0 0 0 0 1 0 0 0
0 0 0 0 0 0 6 0 0 0
0 0 2 0 0 1 6 0 0 0
0 0 7 7 0 8 6 0 0 0
0 0 4 1 0 6 5 0 0 0
0 0 4 3 8 9 8 0 0 0
0 0 9 5 4 8 4 1 0 0
0 0 6 8 3 4 5 2 0 0
0 2 7 6 1 2 1 7 0 0
END
15
128201
0
16
2
0 0 0 0 0 0 0 0 0 0
0 0 0 0 0 2 0 0 0 0
0 0 0 0 0 6 0 0 0 0
0 0 0 0 0 6 0 0 0 0
0 0 0 0 6 9 0 0 0 0
0 0 0 0 6 5 0 0 0 0
0 0 0 0 8 8 0 0 0 0
0 0 0 0 8 5 0 0 0 0
0 0 0 0 4 3 0 0 0 0
0 0 0 0 4 3 0 0 0 0
0 0 0 0 5 2 0 0 0 0
0 0 0 0 4 1 0 0 0 0
0 0 0 0 4 7 0 0 0 0
0 0 0 2 9 9 2 0 1 0
0 1 0 7 6 2 7 1 1 0
8 7 0 6 1 1 4 8 6 2
END
131519
0
24
3
0 0 0 0 0 0 0 0 0 0
0 0 0 0 0 0 0 0 0 0
0 0 0 0 0 0 0 0 0 0
0 0 0 0 0 0 0 0 0 0
0 0 0 0 0 0 0 0 0 0
0 0 0 0 0 0 0 0 0 0
0 0 0 0 0 0 2 0 0 0
0 0 0 0 0 2 1 0 0 0
0 0 0 0 0 6 6 0 0 0
0 0 2 0 0 1 6 0 0 0
0 0 7 7 0 8 6 0 0 0
0 0 4 1 0 6 5 0 0 0
0 0 4 3 8 9 8 0 0 0
0 0 9 5 4 8 4 1 0 0
0 0 6 8 3 4 5 2 0 0
0 2 7 6 1 2 1 7 0 0
END




